Color -1 Stroke 100
574 387
573 387
567 387
558 387
550 387
534 387
511 385
486 384
460 381
439 381
417 376
400 375
388 375
378 375
368 375
360 375
353 375
345 377
336 378
326 379
319 380
316 380
324 380
333 379
351 374
384 364
419 353
460 340
508 331
556 319
599 310
641 302
676 295
703 289
718 287
730 285
731 283
726 284
718 287
700 292
673 298
628 306
565 314
499 322
427 331
358 339
290 347
229 358
189 365
166 368
152 370
151 371
159 371
170 371
181 371
204 367
244 359
302 349
371 337
444 317
524 304
604 289
676 277
740 266
787 259
819 252
831 252
823 253
812 254
785 257
736 257
679 261
608 265
537 267
469 273
403 283
353 289
316 293
290 299
279 301
273 301
272 301
273 298
276 295
286 287
299 281
321 272
365 256
414 239
471 225
524 215
574 205
614 198
637 195
651 191
644 191
621 193
571 197
498 201
416 205
311 208
205 212
102 217
9 230
-68 245
-116 255
-116 261
-116 263
-116 264
-113 265
-104 265
-81 263
-38 254
10 242
69 228
144 211
220 192
305 172
388 157
476 143
566 132
635 126
690 120
724 117
737 116
738 116
736 116
725 119
706 122
661 130
598 136
526 147
452 155
370 166
292 181
213 190
152 196
113 201
106 203
114 203
135 199
182 191
233 182
299 171
366 159
443 148
511 142
578 132
625 126
657 119
672 118
676 118
668 118
647 120
569 124
472 124
361 126
238 140
116 149
2 158
-95 165
-116 174
-116 179
-116 182
-115 182
-107 182
-79 171
-33 160
27 152
99 139
189 135
273 128
353 117
419 109
470 99
503 96
524 92
531 91
533 89
531 89
523 93
513 97
502 101
479 108
431 115
367 130
295 140
210 151
130 162
56 170
11 178
-18 184
-22 185
-15 185
8 183
45 178
102 174
166 165
242 161
321 157
405 153
478 151
543 151
590 153
617 160
618 160
618 166
611 175
599 180
569 190
512 206
459 218
389 233
321 241
252 250
193 260
153 269
137 274
133 276
135 276
146 277
164 277
202 277
265 272
329 260
393 250
460 239
524 227
579 217
619 210
643 205
655 202
656 201
648 203
636 206
606 211
561 219
500 229
424 233
335 238
237 244
144 256
53 269
-32 282
-100 290
-116 298
-116 301
-116 302
-114 304
-101 304
-58 304
14 304
109 304
225 304
362 304
500 304
642 303
769 300
883 300
972 300
1036 300
1069 300
1077 300
1078 300
1079 300
1072 304
1060 306
1035 313
974 321
908 332
826 338
728 345
628 352
522 358
413 370
309 379
227 392
161 402
116 410
98 412
97 412
97 413
100 413
111 413
141 413
192 412
263 408
350 401
446 390
551 388
659 385
768 381
867 381
951 381
1013 381
1043 381
1049 381
1043 382
1008 387
940 391
859 393
758 398
658 400
553 402
458 407
377 411
318 419
286 426
276 429
275 429
278 429
286 429
298 426
320 426
359 425
419 421
493 416
577 412
658 408
740 411
810 411
873 408
914 404
938 400
942 399
934 397
923 397
901 397
855 397
806 397
754 396
711 394
686 394
675 394
674 394
673 391
679 388
687 384
696 380
710 379
721 374
736 364
752 354
765 342
775 330
780 320
780 315
780 308
773 299
761 293
753 292
741 288
728 286
716 285
708 284
705 284
706 283
711 278
720 272
730 268
747 262
777 252
806 241
836 229
867 219
897 209
918 204
940 199
961 194
974 191
992 187
1004 185
1005 185
997 185
980 187
934 190
876 194
811 198
745 200
686 200
637 200
610 200
602 200
601 200
607 198
615 195
624 189
633 184
646 178
657 173
668 167
678 162
689 156
699 152
705 149
708 148
709 148
713 148
722 156
723 156
724 158
728 160
733 164
738 171
747 183
754 193
759 203
763 210
767 222
777 237
785 251
793 262
803 272
818 281
832 290
844 295
854 301
859 303
861 304
861 305
858 305
848 305
840 305
822 305
798 305
773 305
754 305
749 308
741 310
735 314
729 319
729 325
Color -13108 Stroke 18
192 217
190 217
186 220
184 221
191 221
202 220
231 213
287 203
362 186
453 170
552 150
645 135
736 119
813 113
864 111
884 111
886 111
884 111
873 114
862 116
841 120
806 129
766 138
718 147
662 159
595 172
530 191
465 210
394 218
332 234
286 248
253 260
237 268
233 272
232 274
234 276
244 276
256 276
282 276
323 276
373 273
440 271
503 271
557 269
599 265
621 264
633 262
635 261
631 262
625 266
618 269
605 271
595 274
570 281
519 290
467 296
409 300
362 306
333 311
316 312
302 313
304 313
311 312
315 311
319 311
326 310
329 310
330 310
330 313
330 321
Color -13108 Stroke 100
698 369
698 368
692 368
682 368
660 368
612 368
539 368
444 364
344 362
246 359
154 355
73 355
19 355
-16 355
-28 357
-20 357
-7 353
15 350
60 346
118 338
190 326
272 315
355 297
438 282
516 263
585 246
652 237
704 234
739 225
752 223
755 222
754 222
743 224
718 229
676 237
615 247
540 258
455 268
376 281
293 292
230 302
184 312
164 315
160 316
160 317
167 317
197 313
252 311
329 303
410 299
508 292
608 290
706 285
790 281
866 279
917 277
944 272
949 272
945 273
926 275
883 277
809 281
719 287
614 290
506 296
384 303
276 303
176 305
100 305
49 305
30 305
32 305
73 299
152 291
272 279
400 261
536 240
675 216
801 190
911 167
999 150
1061 135
1093 127
1099 125
1091 125
1079 125
1050 129
984 138
912 148
822 157
724 173
620 179
526 182
444 192
377 203
327 211
298 215
295 215
296 215
303 211
319 205
364 193
426 181
514 166
613 148
722 129
834 111
944 93
1032 80
1106 71
1153 64
1161 64
1161 63
1157 66
1143 69
1102 76
1020 84
917 91
790 96
652 103
504 105
363 110
225 119
112 126
29 139
-23 143
-33 144
-33 145
-25 140
-14 132
23 123
92 111
180 97
284 88
390 72
497 59
600 45
691 34
770 26
822 24
846 24
847 24
846 26
836 29
801 38
732 49
636 60
527 73
399 85
264 94
131 111
3 127
-111 138
-116 145
-116 149
-108 147
-75 138
-3 123
93 108
203 92
329 89
451 87
560 78
657 71
739 63
800 59
835 57
845 57
844 57
832 58
807 62
746 68
678 77
606 89
528 102
454 115
375 121
310 121
255 125
217 127
199 128
195 129
194 129
194 128
195 122
206 115
216 110
240 101
291 90
357 81
427 64
502 47
584 36
661 30
729 24
779 18
818 14
828 13
829 13
825 13
813 13
771 13
679 13
569 13
439 9
306 -3
173 -12
76 -14
6 -14
-28 -19
-34 -20
-34 -22
-31 -27
-26 -31
-22 -36
-18 -39
-15 -43
-6 -48
2 -51
11 -53
28 -56
59 -61
104 -67
144 -74
188 -80
230 -83
262 -83
279 -83
287 -83
290 -83
290 -85
285 -85
277 -87
275 -80
259 -72
213 -61
147 -52
55 -50
-45 -48
-116 -48
-116 -44
-116 -37
-116 -30
-116 -26
-116 -21
-116 -20
-104 -20
-91 -20
-53 -20
17 -20
96 -21
185 -25
274 -25
374 -28
474 -28
563 -30
639 -30
701 -30
740 -33
759 -33
765 -33
762 -31
753 -28
741 -24
730 -21
711 -17
670 -6
623 2
561 14
489 27
407 40
316 51
225 53
143 59
75 63
25 65
-3 68
-11 69
-10 69
-2 66
7 64
25 59
54 52
97 45
148 31
209 19
278 6
350 -2
424 -10
487 -17
532 -26
556 -30
560 -31
561 -31
560 -30
553 -28
536 -25
488 -19
438 -9
382 1
321 13
252 24
179 43
107 58
37 70
-30 87
-86 99
-116 110
-116 120
-116 123
-116 124
-115 125
-106 127
-94 127
-70 128
-23 132
28 132
93 132
169 132
244 132
320 134
388 134
450 136
492 142
516 146
518 147
518 149
513 154
493 162
444 176
378 186
296 197
200 210
99 219
4 224
-80 228
-116 234
-116 238
-115 237
-103 234
-91 231
-70 230
-41 223
2 214
55 204
114 192
186 179
250 169
313 161
371 153
415 149
451 149
470 149
480 149
481 149
480 151
470 156
459 163
435 173
386 187
314 202
236 219
145 234
63 250
-12 262
-68 274
-106 285
-116 288
-115 288
-107 288
-84 285
-36 278
30 269
107 259
195 246
293 237
394 223
492 214
592 210
676 210
738 210
768 210
773 210
773 213
764 218
745 225
692 239
617 254
526 268
420 281
305 295
191 309
82 325
-6 338
-62 350
-76 355
-78 355
-78 356
-72 356
-55 356
-11 353
35 351
103 349
185 343
270 334
357 323
450 310
538 301
608 299
670 299
711 299
736 299
741 299
741 300
741 304
729 312
721 317
701 323
660 334
607 346
543 359
465 380
384 398
302 411
232 423
174 433
148 438
143 439
145 439
167 434
214 426
273 418
337 406
404 389
473 374
542 364
601 354
644 344
673 340
678 339
667 343
652 344
624 349
570 359
517 368
456 381
389 391
320 404
256 414
201 420
169 427
153 430
147 431
148 431
155 431
167 430
187 430
231 430
287 430
359 424
427 415
494 403
557 397
617 395
660 395
680 395
686 395
677 397
656 401
596 403
501 405
402 405
296 405
186 405
75 405
-24 405
-105 405
-116 402
-116 401
-112 398
-103 393
-93 392
-81 391
-60 387
-23 382
30 370
85 364
151 358
222 354
284 354
342 348
383 346
411 346
424 347
425 349
425 351
421 356
411 363
392 368
362 376
316 386
266 393
213 405
158 423
102 435
42 439
-4 449
-35 456
-57 460
-59 461
-50 461
-42 460
-24 456
12 453
65 447
127 447
185 437
249 428
314 422
377 420
423 420
448 421
454 422
450 426
443 436
425 445
383 453
338 460
285 466
233 470
182 482
134 489
91 489
66 489
53 496
53 497
60 494
67 494
85 491
131 482
191 476
268 469
350 461
443 452
533 439
626 430
708 419
782 409
851 400
914 394
952 383
987 383
1007 384
1017 384
1026 384
1027 384
1028 384
1026 389
1017 394
1009 398
995 403
962 413
922 423
866 430
808 441
749 451
698 462
647 474
610 481
586 487
580 489
582 489
592 485
598 483
614 478
644 468
678 452
736 442
808 434
882 423
972 412
1050 399
1116 391
1167 389
1209 384
1235 381
1248 381
1249 380
1248 380
1241 383
1234 384
1220 387
1195 392
1151 395
1107 399
1061 410
1019 418
976 425
940 430
919 435
905 437
896 439
893 439
892 439
891 439
890 438
890 437
890 436
891 433
900 430
907 428
920 427
934 423
952 419
975 416
993 414
1005 413
1005 414
1003 418
992 421
982 429
969 437
960 442
952 448
943 452
938 456
935 458
935 460
937 460
939 457
944 455
947 449
949 440
954 432
956 425
959 415
962 404
963 394
969 379
970 376
971 370
974 370
974 366
974 362
973 360
972 358
970 356
962 353
952 353
935 355
906 361
859 377
826 391
789 405
753 422
724 437
698 448
688 456
685 461
689 461
698 459
711 454
719 451
731 446
753 440
783 430
826 418
876 401
922 385
973 373
1014 358
1052 348
1079 339
1096 334
1102 332
1095 332
1074 333
1035 338
985 344
924 354
855 364
780 382
697 397
626 407
567 420
523 420
493 419
485 418
486 416
491 410
494 407
501 403
516 395
546 377
589 364
638 350
702 334
767 319
831 305
892 292
953 284
1004 275
1038 270
1056 267
1059 266
1057 269
1048 272
1040 275
1026 280
998 290
960 301
917 310
877 319
835 326
803 331
790 335
786 336
786 335
792 332
804 325
813 319
827 313
846 302
870 289
888 279
905 267
912 261
921 256
921 255
920 255
911 255
897 255
874 255
843 260
801 268
763 275
736 283
718 291
709 295
707 296
708 296
717 295
725 292
737 289
755 285
779 277
815 266
851 254
894 243
936 233
983 218
1029 207
1069 194
1099 185
1121 179
1132 175
1133 174
1133 173
1127 174
1115 177
1105 179
1084 185
1052 191
1012 201
977 207
942 216
907 225
886 229
874 233
870 233
870 232
874 228
879 225
890 221
895 219
905 208
914 201
926 196
937 187
944 183
952 178
962 174
966 173
967 173
959 174
950 176
934 180
911 184
879 189
837 193
808 199
795 202
792 202
791 202
793 201
803 197
815 190
839 176
862 160
884 142
904 127
926 111
943 99
962 83
976 73
982 68
985 65
985 63
985 62
985 61
985 60
981 60
974 60
965 60
954 61
943 62
932 63
915 68
891 73
867 79
846 83
828 86
815 86
805 87
802 87
801 87
801 85
805 78
815 72
827 67
837 62
855 56
874 50
896 43
915 38
937 30
950 26
962 22
972 19
976 19
973 21
964 23
952 28
941 29
926 31
898 33
865 36
834 39
809 41
787 41
777 41
776 41
775 41
776 37
779 34
784 26
787 23
799 19
812 12
822 7
830 4
844 0
857 -8
868 -11
874 -15
880 -16
882 -17
882 -16
879 -14
872 -10
866 -5
855 3
841 8
833 11
817 16
803 21
793 24
800 21
809 19
819 16
826 14
836 11
849 7
861 4
872 3
882 2
891 2
896 2
901 3
903 5
903 6
905 9
905 12
905 18
905 23
900 30
893 38
886 46
878 55
875 61
871 67
871 74
870 77
870 81
870 82
871 82
873 82
878 82
883 82
889 82
899 81
908 79
917 78
922 78
930 78
938 78
944 78
946 78
949 78
950 84
951 90
951 98
951 106
951 116
951 127
951 139
951 146
948 159
947 178
947 197
947 213
946 227
946 237
946 247
946 256
946 260
946 269
947 275
947 281
947 286
947 290
947 296
947 301
946 306
945 311
944 316
941 322
939 323
938 326
936 328
936 330
935 332
935 333
935 334
935 335
935 336
935 338
936 340
938 341
941 348
944 355
944 357
944 359
947 367
947 373
947 375
947 382
947 388
947 398
947 402
950 411
950 413
950 414
950 415
950 416
950 418
949 418
947 423
944 425
941 430
938 433
932 438
930 440
925 444
923 447
915 451
912 453
907 455
902 456
897 457
895 458
891 458
886 461
885 461
883 461
881 463
879 463
877 463
873 464
868 465
862 466
850 466
842 465
828 464
815 463
799 463
774 453
749 446
725 440
701 434
679 428
656 417
636 410
613 399
587 386
556 374
526 364
501 355
478 347
460 343
433 337
409 331
384 323
367 318
351 313
339 310
328 307
317 304
307 302
302 302
291 298
280 295
262 290
237 281
216 277
195 274
181 274
166 274
153 274
140 274
131 274
123 274
117 274
115 274
114 274
111 274
109 274
106 274
102 274
96 274
91 274
80 270
70 268
60 265
55 263
49 262
41 260
31 256
23 254
16 252
6 245
-3 241
-10 233
-17 226
-18 225
-20 219
-24 205
-24 197
-24 186
-24 173
-22 165
-17 156
-13 149
-6 140
-1 133
6 128
11 122
16 114
17 110
19 107
20 103
21 99
21 96
22 91
22 88
22 85
22 84
23 84
25 83
27 82
31 79
38 78
42 76
48 75
54 73
60 69
62 69
63 62
63 51
64 50
65 48
65 45
67 43
67 42
68 39
69 37
70 36
70 35
69 35
66 39
63 45
61 52
61 62
59 73
59 82
Color -16764109 Stroke 12
65 74
60 63
60 62
60 59
59 58
59 57
59 55
59 54
59 53
59 52
59 51
59 50
59 49
60 48
60 46
60 45
60 44
61 44
62 43
63 42
64 41
65 41
66 40
67 39
68 39
69 38
70 37
71 37
72 36
73 36
74 36
74 35
75 35
76 35
77 35
78 35
79 35
80 34
81 34
82 34
84 34
86 34
88 34
89 34
91 34
92 34
93 34
94 35
96 35
96 36
98 36
100 36
102 37
103 38
105 39
106 39
107 40
108 41
109 41
110 42
111 43
112 44
112 45
113 46
114 47
114 48
114 49
115 49
115 50
116 50
116 52
117 54
117 55
117 56
117 57
117 59
117 61
117 62
117 63
117 64
117 65
117 66
117 68
117 70
117 72
117 73
117 75
117 77
117 79
116 80
116 82
115 83
115 84
114 85
114 86
114 87
113 88
112 89
112 90
111 91
110 92
109 94
108 95
107 97
106 98
106 99
106 100
106 101
105 103
105 105
104 106
103 107
103 109
102 110
102 112
101 113
100 114
100 115
99 117
99 119
98 121
98 122
97 123
97 124
97 125
96 128
96 130
96 132
96 133
96 134
Color -16764109 Stroke 12
74 82
67 73
65 73
64 72
63 72
62 71
61 71
60 71
59 71
58 71
57 71
56 71
55 70
53 70
51 70
50 71
49 71
48 71
47 71
46 71
45 71
44 71
43 71
42 71
41 71
40 71
39 71
38 71
37 71
36 72
34 73
33 73
32 74
32 75
31 75
30 75
30 76
29 77
28 78
27 79
27 80
26 80
25 81
25 82
24 83
23 84
23 85
23 86
22 87
21 87
20 88
19 89
18 90
18 91
17 91
17 92
16 93
16 94
15 95
15 97
15 98
15 99
15 100
15 101
15 102
15 103
15 104
16 105
16 107
17 108
17 110
18 112
18 114
18 116
19 118
19 119
20 121
20 122
20 123
21 124
21 125
22 127
23 128
23 129
24 130
25 131
25 132
26 133
27 134
27 135
28 136
28 137
29 137
30 138
30 139
31 139
32 140
32 141
33 141
34 141
34 142
35 142
36 143
37 143
37 144
38 144
39 144
41 145
43 145
44 145
45 145
46 145
47 145
49 145
50 145
51 145
52 146
53 146
54 146
55 146
56 146
57 146
58 145
59 145
60 145
61 145
62 145
63 145
64 145
65 145
67 145
68 145
69 145
70 145
71 145
72 145
73 145
74 145
75 145
76 145
77 145
78 144
79 144
80 145
81 145
82 145
83 144
84 144
Color -16764109 Stroke 12
203 60
193 52
192 51
192 50
191 49
191 48
190 46
190 43
189 42
189 41
189 39
189 37
190 35
190 34
190 32
191 31
192 29
192 26
193 24
194 23
195 22
196 20
197 19
199 17
200 16
201 15
203 14
205 14
206 13
208 12
209 12
211 12
213 12
216 11
219 11
222 12
224 12
226 14
228 16
230 17
231 18
232 18
234 19
236 20
237 22
239 23
239 24
240 25
241 26
243 27
244 28
245 29
246 30
246 31
247 33
248 35
248 36
249 38
249 40
248 41
248 43
249 44
249 45
249 46
248 48
248 49
248 50
247 52
246 54
245 56
244 58
244 60
244 62
242 63
241 64
240 65
239 66
238 68
237 69
237 70
235 71
234 73
233 75
232 76
232 78
230 79
230 80
228 82
227 83
226 84
225 85
225 86
225 87
224 87
224 88
224 89
224 91
224 92
224 94
224 96
224 98
224 99
Color -16764109 Stroke 12
203 67
196 58
194 57
192 57
190 56
189 55
187 55
186 55
185 55
184 55
183 56
181 57
179 57
177 57
176 58
174 59
173 60
171 62
169 63
166 64
165 65
163 66
162 67
161 68
159 69
158 70
157 72
154 74
153 75
152 77
151 78
151 80
150 81
150 82
150 83
149 84
148 86
148 87
148 89
148 90
149 91
149 93
150 94
150 96
151 98
152 100
152 101
153 102
154 103
155 104
156 105
157 106
158 107
159 107
160 108
161 109
163 110
164 111
164 112
166 112
167 112
168 112
170 113
171 114
172 114
173 114
174 114
175 115
176 115
178 115
180 116
181 116
182 116
183 116
185 116
186 116
188 115
189 115
190 115
192 115
193 115
194 115
195 115
196 115
197 115
199 114
200 114
202 114
204 114
205 113
206 112
208 112
209 112
210 112
211 112
212 112
214 111
216 111
217 110
218 110
Color -16764109 Stroke 12
341 67
333 55
332 54
332 52
331 52
331 51
331 50
331 48
331 47
331 45
331 42
331 41
332 39
333 38
333 37
333 36
334 35
334 34
335 33
335 32
336 32
338 31
340 30
341 30
342 29
343 29
344 28
345 28
347 28
347 27
348 27
349 27
350 26
352 25
354 25
355 25
357 24
359 24
360 24
362 24
364 25
366 25
368 26
370 26
373 27
376 27
379 28
381 28
383 29
385 29
386 30
387 30
389 30
391 32
394 34
396 35
397 36
398 37
399 37
400 38
401 39
402 41
404 42
404 43
404 45
405 46
405 47
405 48
405 49
405 50
404 51
404 53
403 56
402 58
400 60
399 62
397 63
396 64
396 66
395 67
394 68
394 69
393 70
392 72
390 75
389 78
389 80
388 81
386 83
385 84
384 86
383 87
382 89
382 90
381 92
381 93
381 95
381 98
381 100
381 101
Color -16764109 Stroke 12
344 75
333 67
331 66
330 64
328 62
325 60
323 60
322 59
321 59
320 59
319 59
318 59
317 59
315 58
314 58
312 58
311 59
310 59
309 59
308 60
307 60
307 61
306 61
305 62
304 63
302 64
302 65
301 66
300 66
299 67
299 68
298 69
298 71
298 72
297 75
296 78
296 80
295 81
295 82
295 83
295 84
294 85
294 86
294 87
294 88
294 89
294 90
294 92
295 95
295 98
295 99
295 100
295 101
296 102
296 103
297 104
298 105
299 106
300 107
302 108
303 108
304 109
305 109
307 109
308 110
309 111
310 112
312 113
313 114
315 114
316 114
317 114
319 114
320 114
321 114
322 114
323 114
324 113
326 113
326 112
328 113
329 113
330 113
331 112
332 112
334 111
335 110
336 110
337 109
339 109
341 108
342 108
344 107
345 107
346 107
347 107
349 107
352 106
353 106
355 106
358 105
359 105
Color -16764109 Stroke 12
478 60
474 50
473 48
472 48
472 46
472 44
471 42
471 40
471 39
471 38
471 37
472 35
472 34
474 34
474 33
475 32
477 31
479 30
481 30
483 29
484 29
486 28
487 27
488 27
491 27
493 27
495 27
497 27
499 27
500 27
502 27
503 27
504 28
505 28
506 29
507 29
509 30
511 31
512 32
514 32
516 33
517 35
519 38
520 41
521 43
522 45
523 46
523 47
524 48
524 49
524 51
524 54
524 56
524 58
524 60
524 61
523 62
523 64
521 66
521 67
519 70
516 73
515 75
513 76
512 76
511 78
510 80
509 82
508 83
506 84
504 85
503 86
502 87
501 89
500 92
500 93
499 94
499 96
499 98
Color -16764109 Stroke 12
471 66
462 56
460 55
459 54
458 54
457 53
456 53
455 53
453 53
452 53
451 53
449 53
448 54
447 54
445 55
443 55
440 57
438 60
436 62
434 64
433 66
431 67
429 69
427 71
426 73
425 75
423 77
422 78
422 80
421 81
421 83
421 85
421 87
421 89
422 90
422 91
423 93
424 94
425 95
426 96
427 98
429 100
430 100
432 101
434 102
437 103
440 104
442 105
444 105
446 106
447 106
449 107
453 107
456 108
459 108
461 109
463 109
464 109
466 109
468 109
471 109
473 109
476 109
479 109
480 109
482 109
483 109
Color -16764109 Stroke 12
622 60
613 50
612 48
611 48
611 47
611 44
610 41
610 40
611 39
613 37
615 36
616 35
618 34
619 33
620 33
621 33
622 32
623 32
624 32
627 31
631 31
634 31
636 31
639 31
640 32
642 32
644 33
646 33
649 34
652 35
653 35
655 36
656 37
657 39
659 41
659 42
660 43
660 44
660 45
661 46
661 47
661 48
660 49
660 52
659 53
658 56
657 59
657 60
656 62
656 64
655 66
653 69
651 73
649 74
648 75
647 78
646 80
645 82
643 83
642 85
640 86
639 87
638 89
638 91
637 92
637 93
636 94
636 95
634 96
633 96
632 96
Color -16764109 Stroke 12
616 54
605 45
603 43
601 43
598 42
596 42
594 42
592 42
589 43
586 44
582 45
579 46
576 47
574 48
572 49
570 50
568 51
565 53
562 55
559 57
556 59
555 61
554 62
553 63
553 64
552 65
552 66
552 67
553 69
555 72
556 73
558 75
560 76
563 78
565 79
568 81
572 84
575 85
578 87
582 88
585 89
590 90
594 92
596 93
599 93
601 93
604 94
608 95
612 96
614 97
616 98
618 98
620 98
Color -16764109 Stroke 12
753 60
762 50
763 49
764 48
765 47
766 46
767 43
768 41
769 41
771 40
772 39
774 39
776 38
777 37
780 36
782 36
784 36
787 36
788 36
790 36
792 36
794 36
796 36
797 36
799 37
801 38
802 38
803 39
804 39
805 39
806 40
806 41
807 41
808 42
808 43
809 43
809 44
810 45
810 46
811 47
811 48
811 49
810 50
810 51
810 52
810 54
810 55
810 56
809 58
809 59
809 61
808 62
808 64
808 65
807 66
807 67
807 68
807 69
806 70
806 71
805 72
805 73
804 75
804 76
803 78
803 80
802 81
802 82
801 82
801 83
800 84
799 84
798 86
796 87
795 87
794 88
792 89
791 90
789 91
788 92
786 93
785 94
783 96
782 97
781 98
780 99
777 100
776 101
775 102
773 103
772 104
770 105
768 107
766 108
765 109
764 109
762 111
761 112
760 114
759 115
757 116
756 118
755 120
753 122
752 123
752 124
751 125
750 126
749 127
748 128
Color -16764109 Stroke 12
747 63
743 52
743 51
742 50
742 48
741 47
740 45
739 44
738 43
737 42
736 41
735 41
733 40
731 38
730 37
728 36
727 36
726 35
725 35
723 35
722 35
721 35
720 35
719 35
718 35
716 36
715 36
714 36
713 37
712 37
711 38
709 39
708 41
707 41
706 42
705 43
704 44
703 45
702 46
702 47
701 48
700 49
700 50
699 51
699 52
699 54
699 55
699 57
699 59
699 61
700 62
700 64
700 65
701 66
702 68
703 69
705 72
706 74
707 76
709 78
710 80
711 82
712 84
714 85
715 86
717 87
719 89
721 90
723 92
726 94
728 95
729 96
731 96
733 98
735 99
737 100
739 101
740 101
742 102
743 102
744 103
745 103
746 103
Color -16764109 Stroke 12
65 239
65 225
66 223
67 221
68 217
70 214
71 212
72 210
74 207
76 205
78 204
79 202
82 200
84 198
86 196
89 195
91 193
95 191
98 190
99 189
101 189
103 189
105 188
107 188
109 188
111 188
114 188
117 188
119 189
121 189
122 190
124 191
125 192
127 194
129 196
130 197
132 199
133 201
134 202
135 203
136 205
137 208
138 210
138 212
139 213
139 215
139 218
139 221
138 224
138 227
138 230
137 233
136 235
135 238
134 241
132 244
131 247
129 251
128 254
127 257
125 261
124 265
122 267
121 269
120 270
119 272
117 275
116 277
115 280
113 283
112 285
111 287
110 289
109 291
108 293
107 294
107 295
107 297
106 298
106 299
106 301
106 302
106 303
106 304
106 306
106 307
Color -16764109 Stroke 12
65 244
58 236
56 236
54 235
52 234
50 234
48 234
45 234
43 233
40 233
38 233
36 233
34 233
32 233
30 234
29 235
27 235
25 236
23 237
22 237
20 238
19 239
18 239
17 240
16 241
15 242
13 243
13 244
12 246
11 247
10 249
9 251
9 252
8 254
8 256
7 257
7 259
7 261
7 263
7 266
7 269
7 270
8 271
8 273
9 274
9 276
10 278
11 280
13 283
15 286
16 288
17 289
19 290
20 291
22 292
23 293
24 294
26 295
28 296
31 298
34 300
38 302
39 303
41 303
44 305
47 306
50 306
52 307
54 308
57 308
58 308
60 308
64 307
67 307
69 306
71 306
73 306
75 306
77 306
79 306
80 306
81 306
82 306
84 306
86 306
88 306
89 306
90 306
91 306
92 306
93 307
95 307
97 308
98 309
100 310
103 310
105 310
107 311
109 311
111 312
114 312
116 312
Color -16764109 Stroke 12
258 215
247 206
246 205
246 204
245 202
244 200
242 198
241 196
240 194
239 193
238 191
238 190
238 188
238 187
238 185
238 183
238 182
238 180
239 179
239 177
240 176
241 175
242 175
243 173
244 172
246 171
247 170
249 169
251 168
253 167
254 166
256 166
257 166
259 166
261 166
263 166
265 166
267 166
270 168
273 171
276 173
277 174
279 175
281 178
285 180
288 182
291 185
293 187
296 189
297 191
298 193
299 195
300 196
300 197
300 198
301 198
301 200
301 202
301 204
301 206
301 210
301 214
300 217
300 219
298 222
296 226
294 228
292 231
289 235
286 237
284 240
282 243
280 244
278 246
276 249
274 250
272 251
269 253
267 255
266 257
265 259
264 263
263 266
263 267
263 268
263 269
263 270
263 271
Color -16764109 Stroke 12
255 215
248 202
247 202
246 201
245 201
244 200
241 198
239 196
237 195
234 194
233 194
231 193
229 193
226 193
223 193
221 194
218 194
215 195
212 196
210 198
208 198
207 200
205 201
202 202
201 203
199 205
197 206
196 208
194 210
193 212
192 213
192 214
191 216
191 218
191 219
191 221
192 223
192 224
193 226
194 229
195 231
197 233
198 234
199 236
201 237
203 239
205 240
207 241
209 242
211 244
214 246
217 246
219 247
222 249
225 250
227 251
229 252
231 253
233 254
235 255
237 255
241 256
244 257
246 258
248 258
250 258
253 259
255 260
258 261
260 262
263 263
265 264
Color -16764109 Stroke 12
399 203
399 192
399 191
399 190
399 189
399 187
399 186
400 185
401 183
403 181
404 180
405 178
406 177
407 176
409 176
411 175
413 174
414 174
415 173
417 173
420 172
422 171
425 171
428 171
431 171
433 171
434 171
437 171
439 171
441 172
444 173
446 174
449 175
451 176
453 177
454 178
455 179
455 180
456 181
458 183
460 185
461 188
463 190
465 193
466 197
467 199
467 201
467 202
467 204
467 205
467 207
466 210
465 213
462 215
462 218
461 220
460 224
459 227
458 229
457 230
455 232
453 233
449 235
446 238
444 240
441 242
439 244
437 246
434 249
432 251
428 253
425 255
424 256
423 257
421 259
419 261
417 262
415 264
414 266
413 268
412 269
411 270
409 272
408 273
407 274
406 275
406 276
405 276
404 277
404 278
403 278
403 279
403 278
Color -16764109 Stroke 12
399 207
399 195
398 192
398 191
397 189
397 187
396 185
395 184
394 182
393 181
392 180
390 180
388 180
386 179
384 179
382 179
379 178
376 178
373 179
371 179
368 180
366 180
364 181
361 182
359 183
357 184
354 185
350 187
347 189
346 191
344 194
342 195
341 197
340 200
338 202
338 204
336 206
335 210
335 212
335 214
334 217
334 219
334 221
334 224
335 228
335 229
335 230
335 231
336 233
338 235
338 237
338 238
340 240
341 242
343 244
345 246
347 249
349 250
350 251
352 252
354 253
357 254
359 255
361 256
364 257
366 259
368 259
370 260
372 261
374 262
375 264
378 266
382 269
384 270
386 271
387 271
389 272
390 273
392 273
393 274
395 276
396 276
Color -16764109 Stroke 12
557 202
557 190
557 188
557 187
557 185
557 182
557 180
558 178
558 177
559 175
560 173
561 172
562 171
563 169
564 166
565 164
566 164
567 163
568 162
569 162
570 162
572 162
574 161
575 161
577 160
579 160
580 159
582 159
584 159
586 160
588 160
589 161
591 162
592 162
594 163
596 164
599 166
600 167
603 169
607 172
609 174
610 175
612 175
613 176
614 177
615 177
616 178
617 179
618 181
620 182
620 186
621 189
622 190
622 191
622 193
623 196
623 198
623 200
622 201
622 205
622 208
621 209
621 210
620 211
620 212
619 214
618 216
618 217
617 219
616 221
614 224
612 226
610 228
608 229
607 230
606 232
604 233
602 234
601 235
599 236
597 237
595 238
592 240
591 241
589 244
587 247
585 249
583 250
582 251
580 252
578 253
577 254
576 256
574 258
573 259
573 260
572 262
571 263
571 264
570 264
570 266
569 268
569 269
Color -16764109 Stroke 12
557 207
557 196
557 195
557 194
557 193
556 192
556 191
555 190
554 189
553 189
552 187
551 187
550 186
549 185
547 184
545 183
543 182
541 181
539 180
537 179
535 178
532 178
529 178
527 178
525 178
523 178
521 177
519 177
516 178
514 179
513 180
512 181
510 182
509 183
507 185
506 186
505 187
505 188
504 189
503 190
503 191
502 193
502 194
502 196
501 198
500 201
500 203
500 205
500 207
500 210
500 212
500 213
500 214
500 217
500 218
500 220
501 222
502 225
502 227
503 228
503 230
504 232
505 233
506 233
507 234
508 235
509 236
511 237
513 239
515 241
517 242
519 243
521 244
523 245
525 246
528 248
531 249
533 249
535 250
538 250
541 250
543 251
545 252
546 252
548 253
551 255
553 255
555 255
557 256
559 257
560 257
561 257
563 258
564 258
565 259
566 260
567 260
Color -16764109 Stroke 12
714 215
706 208
706 205
705 203
705 202
705 201
705 200
705 199
705 198
705 197
706 197
707 197
709 196
710 194
711 192
712 191
712 189
712 188
713 187
714 185
715 183
716 182
718 181
719 180
720 179
721 179
722 178
724 178
727 177
728 177
729 176
731 176
733 176
735 176
736 176
738 176
740 176
742 176
745 177
747 177
749 177
752 177
754 178
756 179
760 180
763 182
766 183
768 185
770 187
772 188
774 190
776 191
777 193
779 194
780 195
782 196
783 196
783 197
784 198
786 200
788 202
789 204
788 206
788 208
787 210
787 211
787 212
785 213
784 216
782 222
781 227
780 229
780 230
779 231
778 231
776 233
775 234
774 235
773 237
771 238
769 240
768 241
766 244
764 247
762 249
760 251
759 251
758 251
756 252
753 253
751 254
749 256
747 257
745 258
744 260
741 262
739 263
738 264
735 267
733 269
731 270
730 271
728 271
727 271
726 272
725 273
723 276
723 278
722 282
721 285
721 287
721 288
721 289
721 290
Color -16764109 Stroke 12
708 215
705 204
705 202
704 201
703 201
703 200
702 199
700 198
698 198
696 197
694 197
692 197
690 197
688 196
686 196
684 196
682 196
680 197
678 198
676 198
673 199
671 200
669 201
666 203
663 205
661 206
659 208
657 210
655 211
653 212
652 212
651 214
649 216
648 217
647 219
646 220
646 221
645 223
645 224
644 226
644 228
644 229
644 230
644 232
644 234
645 235
645 236
646 238
647 239
648 241
649 243
650 244
651 246
653 249
654 250
655 251
657 253
658 254
660 255
661 257
662 258
665 260
668 261
669 262
670 262
672 263
674 264
676 264
677 265
679 265
681 267
682 269
683 269
686 270
688 271
690 271
693 272
695 272
697 273
699 273
702 273
706 273
708 273
709 273
711 273
713 274
715 274
717 276
722 279
725 280
Color -16764109 Stroke 12
871 157
865 148
864 146
863 144
862 144
862 143
862 142
862 141
862 140
862 139
862 137
862 136
862 135
862 134
863 133
864 132
865 131
866 130
867 129
867 128
868 128
869 126
870 125
871 124
872 123
873 122
874 121
875 121
876 121
878 121
879 120
881 120
883 120
884 121
886 120
888 120
889 120
890 119
892 120
894 121
896 121
898 122
900 123
902 124
904 125
905 127
906 128
907 128
908 130
910 131
911 133
912 134
914 135
915 137
916 139
917 140
918 142
919 144
920 146
921 150
921 151
921 152
921 153
921 154
922 156
922 158
921 160
921 165
921 169
921 170
921 171
921 172
921 173
920 173
919 174
919 175
916 178
914 180
914 182
913 184
912 185
912 187
911 189
909 191
907 192
906 193
904 194
903 194
901 195
899 197
897 199
895 201
895 202
892 205
889 209
888 210
886 212
885 212
884 212
883 213
881 214
880 216
879 221
877 227
876 229
876 230
877 230
Color -16764109 Stroke 12
871 161
865 152
863 151
862 150
861 148
860 147
858 146
856 145
855 143
854 141
853 140
851 139
850 139
848 138
846 137
844 137
843 136
841 135
839 135
837 135
835 135
833 136
832 136
830 137
829 137
828 137
827 137
826 138
824 139
824 140
823 140
822 139
821 140
820 141
819 142
819 144
818 145
817 148
817 150
817 151
817 152
817 153
816 153
816 154
815 155
815 157
815 158
815 161
815 164
814 167
813 169
813 171
814 172
814 173
815 173
815 174
816 174
817 175
817 176
818 178
819 179
820 180
821 181
822 182
823 183
825 185
827 187
828 187
830 189
832 190
833 191
834 192
836 193
837 194
839 195
840 196
842 197
843 198
846 200
848 203
850 205
853 207
855 210
857 211
860 212
862 213
864 213
866 214
869 214
871 214
873 214
875 214
876 214
Color -16764109 Stroke 12
85 390
81 380
81 378
80 377
80 376
80 375
80 374
81 373
82 372
82 371
83 369
84 368
85 366
87 365
88 363
90 362
91 361
93 360
94 358
96 358
98 357
101 356
103 356
105 355
107 355
110 354
111 353
112 353
114 352
116 352
118 352
120 353
122 353
123 353
124 354
126 355
127 355
128 356
129 357
130 358
131 358
131 359
132 362
132 364
133 365
133 366
133 367
133 369
132 369
132 371
132 373
132 375
131 378
131 380
130 383
129 385
128 387
128 388
127 389
126 390
126 392
126 393
125 394
124 396
124 398
123 399
122 401
122 402
121 404
120 405
120 406
119 407
119 409
119 411
118 413
118 416
117 419
117 421
116 423
116 424
116 425
115 426
115 428
114 429
114 430
114 431
114 433
114 434
114 435
114 436
114 437
114 438
114 439
Color -16764109 Stroke 12
85 390
73 387
71 387
69 387
67 387
66 387
64 387
63 388
61 388
60 388
58 388
56 389
53 390
51 390
49 391
47 392
46 393
44 394
43 395
42 396
41 397
40 399
39 401
38 403
37 405
36 406
36 408
36 410
36 412
36 413
36 414
37 415
37 417
39 419
39 420
40 421
41 422
43 424
44 425
46 426
47 427
49 428
50 429
52 431
53 431
55 432
56 432
58 433
60 434
62 434
63 435
65 435
67 435
70 436
72 437
74 437
77 438
79 438
80 438
82 438
83 437
85 437
87 437
89 437
91 438
93 438
96 438
98 438
100 439
103 439
106 440
108 442
110 442
112 442
115 441
117 441
119 441
120 440
122 440
124 440
Color -16764109 Stroke 12
227 371
219 361
219 360
218 358
218 357
218 355
219 352
220 349
221 347
222 344
223 342
224 340
225 339
227 337
228 335
230 333
231 331
232 330
233 330
234 330
235 329
237 329
239 329
241 329
242 329
244 329
246 329
248 329
249 330
250 330
251 331
252 332
254 333
255 334
257 336
258 338
260 340
262 343
264 346
266 349
267 352
268 354
269 356
270 358
271 359
271 362
272 364
272 365
272 367
272 369
272 371
272 372
271 373
271 375
270 376
270 377
269 379
269 382
267 384
266 387
265 389
263 391
261 394
260 396
259 399
258 402
258 403
257 405
257 406
257 407
256 409
256 411
256 412
256 414
256 416
257 418
257 419
257 420
258 421
Color -16764109 Stroke 12
228 371
215 367
212 367
210 367
209 367
207 367
205 367
203 368
200 369
197 370
194 371
192 372
189 373
187 374
184 375
183 376
181 377
180 378
179 379
178 382
176 384
176 385
175 386
174 387
173 388
173 389
173 390
173 391
173 392
173 394
173 396
174 398
175 400
175 401
176 403
177 404
178 406
179 408
181 409
182 410
184 412
187 414
189 415
191 417
192 418
194 419
195 420
197 421
198 421
199 422
201 422
204 422
206 423
208 423
209 423
211 424
212 424
213 424
215 425
217 426
219 426
221 427
223 427
225 428
227 428
229 428
230 428
232 428
234 427
237 427
239 428
242 428
244 428
247 428
249 429
252 429
256 429
259 429
Color -16764109 Stroke 12
391 382
382 374
380 371
378 368
376 366
375 364
374 362
373 360
371 358
371 357
371 356
370 354
369 352
369 351
369 349
369 347
369 346
369 342
370 340
370 338
371 337
371 336
372 335
373 335
375 333
378 332
379 331
382 330
384 328
386 327
388 326
390 326
392 326
394 326
397 326
400 326
402 326
405 327
407 328
410 330
413 332
416 333
418 334
420 335
422 337
423 338
425 339
426 340
427 342
428 343
429 345
429 346
430 347
431 349
431 351
432 353
432 356
432 359
432 362
432 363
431 365
431 367
429 369
429 371
428 373
427 376
426 379
425 383
424 384
423 386
422 388
420 390
420 392
420 394
420 396
419 398
418 401
417 403
416 404
416 405
416 406
416 407
Color -16764109 Stroke 12
389 382
378 376
376 375
374 374
371 373
366 372
362 371
359 370
357 369
355 369
353 369
352 369
350 370
348 371
346 372
343 373
341 374
340 376
338 377
337 378
336 380
335 381
335 382
334 384
334 385
334 386
334 387
334 388
334 390
334 391
334 392
335 393
335 394
336 396
338 399
340 401
342 403
343 404
345 406
347 406
348 407
349 407
350 408
351 408
352 408
353 409
355 410
358 411
359 412
361 412
362 412
364 413
365 413
366 414
368 414
369 415
371 415
374 415
377 415
380 415
382 415
385 416
387 415
389 415
391 415
394 415
399 415
402 416
405 416
408 416
411 416
412 417
Color -16764109 Stroke 12
537 345
546 338
548 336
550 335
553 333
556 330
559 328
561 327
564 326
567 324
570 324
572 324
575 323
578 323
581 323
584 323
588 323
590 323
592 324
594 324
596 325
597 326
599 327
600 328
602 330
603 331
603 332
604 333
605 334
605 335
605 336
605 337
604 338
604 339
603 341
602 342
601 344
600 346
599 349
599 351
598 353
596 355
596 356
594 358
593 359
592 360
590 362
588 364
586 365
585 367
582 368
581 370
580 371
578 372
576 373
574 374
572 376
570 377
568 378
566 379
564 380
562 381
560 382
558 383
556 383
554 384
552 385
550 385
548 387
545 388
543 391
541 393
539 394
536 396
535 397
533 399
531 400
530 401
528 402
527 403
526 405
524 406
Color -16764109 Stroke 12
537 351
533 338
531 336
529 334
528 332
526 330
525 329
524 328
522 327
521 326
519 324
517 324
516 323
514 322
513 322
512 321
510 321
509 321
507 320
505 320
504 320
502 319
501 319
500 319
498 320
496 320
495 321
493 321
491 322
490 323
488 324
487 324
486 325
485 326
483 328
482 331
481 333
479 335
477 338
477 340
476 343
475 346
474 347
474 349
474 350
474 351
474 352
474 353
475 356
476 358
477 360
477 361
478 363
479 365
480 366
481 369
483 371
484 373
486 375
487 377
489 378
491 380
493 382
495 384
498 385
500 387
502 390
504 391
507 393
510 394
512 396
514 398
Color -16764109 Stroke 12
683 378
679 365
678 362
677 360
677 359
676 358
676 357
676 355
676 353
676 352
676 351
676 350
676 349
676 348
676 347
676 345
676 344
677 343
679 342
680 341
682 339
683 338
686 337
688 335
691 335
693 334
695 333
697 333
700 333
702 333
705 332
707 331
709 331
710 331
712 332
713 333
714 334
716 335
717 335
719 336
720 337
721 339
722 340
723 342
725 344
726 346
726 349
727 351
728 353
729 356
730 359
730 362
730 366
729 369
729 373
728 378
727 383
726 384
725 386
724 389
723 391
721 394
719 397
718 399
716 401
714 403
712 404
711 406
709 407
707 409
707 410
706 412
705 415
703 419
703 422
703 423
703 424
703 425
703 426
Color -16764109 Stroke 12
691 386
681 379
679 378
677 377
675 376
673 375
670 374
667 373
665 372
663 371
660 371
657 372
655 372
652 374
650 374
648 376
645 377
643 379
641 380
640 381
639 383
637 384
635 386
634 387
634 388
633 389
633 390
633 392
634 393
634 394
634 396
634 397
634 399
635 400
636 401
636 403
637 405
639 407
640 409
641 411
643 413
644 415
646 417
649 419
652 421
654 423
656 424
658 426
660 426
664 427
668 428
671 428
673 428
675 428
677 428
680 429
683 430
688 430
690 429
694 429
697 429
Color -16764109 Stroke 12
812 297
808 282
807 280
807 279
807 278
806 277
806 276
806 275
806 274
807 273
808 273
808 272
809 271
809 270
810 269
811 268
812 267
813 267
814 266
815 265
816 264
817 264
817 263
818 262
820 262
821 261
822 261
824 261
825 260
827 260
828 260
829 260
831 260
832 260
833 261
835 261
836 262
838 262
841 262
843 262
845 263
846 264
847 264
848 265
849 266
850 267
852 267
853 269
855 271
856 273
857 274
858 276
859 276
859 277
860 278
860 279
860 280
861 280
861 281
862 282
862 284
862 285
862 286
862 287
862 288
862 289
862 290
862 292
862 294
862 296
861 297
860 298
860 299
859 301
858 302
857 303
856 305
855 306
854 308
853 309
851 311
850 313
848 315
847 317
845 319
843 322
842 324
841 326
840 329
838 332
837 335
836 337
836 339
835 340
834 341
834 343
834 345
833 348
832 350
832 352
832 355
832 357
832 359
832 360
832 361
832 363
832 365
832 366
Color -16764109 Stroke 12
812 308
802 300
799 297
798 296
796 294
795 294
793 293
791 293
789 294
787 293
786 293
784 293
782 294
780 294
778 295
776 296
775 296
773 297
772 298
770 299
769 299
768 300
768 301
767 302
766 303
766 304
765 306
765 307
765 308
765 310
764 310
764 312
764 313
764 314
764 315
764 316
764 317
764 318
765 319
765 320
766 321
767 322
768 324
769 325
770 327
772 330
773 333
775 335
776 338
777 340
779 343
780 345
782 347
783 349
785 351
787 352
788 353
790 355
792 356
794 357
796 358
798 358
800 358
803 359
805 360
806 360
808 360
810 361
813 362
817 361
821 362
824 362
826 362
827 362
Color -16764109 Stroke 12
868 403
874 389
874 387
875 386
876 384
877 382
879 379
880 376
881 373
881 370
882 369
884 368
886 366
888 365
890 363
892 362
893 362
895 361
896 361
897 360
898 360
900 360
901 360
903 360
907 361
909 361
910 362
911 362
912 362
914 364
915 365
916 367
917 369
918 371
919 372
919 374
919 375
920 376
920 377
921 380
921 383
921 385
921 387
921 389
920 391
920 393
919 394
919 396
918 398
918 399
917 400
917 402
916 403
915 406
913 408
911 410
910 411
909 412
907 414
906 415
905 417
904 418
903 419
902 420
901 422
900 424
900 425
899 426
898 428
897 429
897 430
896 431
895 432
894 433
894 434
893 435
893 438
892 441
892 442
892 444
Color -16764109 Stroke 12
862 410
851 402
850 401
848 401
847 401
845 400
843 399
840 399
837 398
834 398
833 398
831 398
830 398
829 398
827 398
826 399
825 399
823 399
822 400
820 401
819 401
817 402
815 402
815 403
814 403
813 404
812 406
811 407
811 409
811 411
811 412
811 414
811 415
810 417
810 418
810 419
810 421
810 422
810 424
810 425
810 426
810 427
811 428
811 429
811 430
811 431
812 431
813 432
814 433
815 435
817 436
817 437
818 438
820 438
821 439
822 440
824 440
825 441
827 442
830 442
832 443
833 443
834 443
836 443
837 443
838 443
841 444
843 444
846 444
848 444
850 444
853 445
855 446
857 447
860 447
863 447
865 447
867 447
869 447
871 448
872 448
874 448
Color -16764109 Stroke 12
881 54
891 44
893 43
895 41
896 40
897 39
899 38
900 38
902 38
904 37
905 36
906 36
908 36
909 36
911 36
912 37
913 38
915 39
916 41
917 42
918 43
919 44
921 46
923 48
925 49
926 51
927 52
927 53
928 54
928 55
928 56
929 57
929 59
929 61
929 63
929 64
928 66
927 67
926 68
925 68
924 69
923 70
921 71
920 73
918 74
916 75
915 77
914 78
912 79
911 80
909 81
907 82
906 83
905 83
904 84
902 84
899 84
897 85
896 85
894 86
892 86
890 86
888 87
886 87
885 87
883 87
880 88
878 88
876 89
873 89
870 89
868 90
867 90
865 91
864 91
862 92
860 93
858 93
857 94
856 94
855 95
853 96
852 96
851 97
850 97
849 97
848 98
Color -16764109 Stroke 12
871 60
878 51
879 51
879 49
879 47
879 46
879 45
879 43
878 43
878 41
877 41
876 40
875 38
874 37
874 36
872 35
871 34
870 34
869 34
868 33
867 33
866 32
865 32
864 32
863 32
862 32
861 32
860 32
858 33
857 34
856 34
855 35
853 36
853 37
851 37
850 38
849 39
848 40
847 42
846 43
845 44
845 45
844 46
843 47
843 48
842 49
842 50
841 52
841 55
841 56
841 58
841 60
841 61
841 62
841 63
841 64
841 65
841 66
841 67
841 68
841 70
841 73
841 76
841 78
841 79
841 80
841 81
841 82
841 83
841 84
841 85
841 86
841 87
841 88
841 89
841 90
841 91
841 92
841 93
841 94
842 96
Color -16764109 Stroke 12
661 138
668 127
669 126
671 125
672 124
674 123
676 122
678 121
680 120
682 119
685 119
687 119
689 119
691 119
693 119
695 120
697 121
699 122
700 123
701 123
702 124
703 125
705 126
706 127
707 128
707 129
707 130
708 131
708 132
708 133
708 135
708 136
707 138
706 140
705 141
704 143
702 144
701 146
699 147
697 148
695 149
693 150
691 153
688 155
686 157
684 159
682 160
680 162
679 163
679 164
677 164
676 166
675 166
674 167
673 168
672 169
672 170
671 171
670 171
670 172
669 172
669 173
668 174
Color -16764109 Stroke 12
657 141
655 130
655 128
654 126
653 125
652 124
651 123
649 123
647 122
646 122
644 121
643 120
642 120
641 120
640 121
639 121
638 122
637 123
637 124
637 125
636 125
636 126
636 127
636 129
635 131
634 133
634 135
634 137
634 139
634 141
634 142
634 143
634 144
634 145
634 146
634 148
635 149
636 150
636 152
638 153
638 154
639 154
640 155
641 156
641 157
642 158
643 159
645 160
648 162
649 162
651 162
651 163
652 164
653 164
653 165
655 166
656 168
657 169
659 169
660 169
661 169
662 169
663 170
665 170
666 171
667 171
669 172
670 172
671 172
671 173
672 173
Color -16764109 Stroke 12
958 284
959 295
959 296
960 297
960 298
960 299
961 300
961 301
961 302
961 303
961 304
962 305
962 306
962 307
963 309
963 310
963 312
963 315
963 316
963 318
963 320
963 321
963 324
963 325
963 327
963 329
963 331
963 333
963 334
963 336
964 338
964 340
964 341
964 342
964 344
964 345
964 346
964 347
964 349
964 350
964 351
964 352
964 353
964 354
964 355
964 356
964 357
965 357
Color -26215 Stroke 100
506 531
494 536
485 539
477 542
464 543
449 545
438 547
426 548
415 549
404 551
392 553
381 554
369 557
357 558
346 558
329 561
314 563
305 564
293 564
283 565
274 565
264 565
257 565
249 566
243 566
239 566
234 566
230 566
227 566
226 566
225 566
226 566
229 565
234 565
246 564
258 564
267 564
277 564
288 564
299 564
311 563
322 563
333 564
345 565
355 566
371 569
384 571
391 572
399 573
405 574
412 574
417 575
422 576
425 577
427 577
429 578
431 578
432 579
431 579
429 578
424 579
418 579
409 578
399 577
388 576
369 574
353 573
343 571
329 570
316 568
304 566
290 565
273 564
259 563
246 561
230 557
204 554
185 551
172 550
157 548
144 548
131 548
117 547
105 546
93 546
82 546
72 546
60 547
50 547
45 547
41 547
38 547
35 547
33 547
32 547
35 547
41 547
47 547
54 548
63 549
72 550
82 551
93 553
105 556
117 557
136 560
154 563
165 564
178 565
193 567
206 569
218 571
232 575
245 577
257 579
271 582
288 584
302 586
309 586
317 588
322 588
326 589
331 589
333 590
335 590
336 591
333 591
326 589
316 587
305 586
292 585
279 584
267 583
251 581
237 580
213 577
193 575
180 574
166 573
151 570
134 569
117 569
103 569
89 569
74 568
61 568
44 567
30 567
21 567
12 567
5 567
0 566
-5 566
-9 566
-12 566
-13 566
-14 566
-15 566
-14 566
-13 566
-10 565
-3 565
6 564
14 564
23 564
34 564
44 565
56 565
76 567
93 568
105 568
119 570
134 570
149 571
164 572
179 573
194 572
211 572
225 573
252 573
274 573
284 573
300 573
315 573
331 573
348 573
363 573
378 572
393 571
410 570
435 568
455 567
468 567
485 566
499 566
512 566
528 565
544 565
556 565
569 565
582 565
599 565
613 566
621 566
631 566
639 566
648 566
655 566
661 566
668 566
674 566
679 566
687 566
694 566
697 566
700 566
703 567
705 567
707 567
708 567
709 567
705 568
698 570
690 573
681 575
672 577
661 580
652 582
642 583
633 583
620 584
607 584
598 583
588 582
578 580
568 577
558 575
550 573
540 570
531 567
522 566
510 562
500 559
493 557
487 555
481 553
476 552
472 552
468 551
465 550
462 549
461 548
460 548
459 548
460 549
461 550
465 550
472 552
479 552
486 553
500 554
514 555
524 555
535 556
548 556
561 556
573 556
587 555
601 554
613 553
627 553
648 553
665 552
676 552
688 553
700 553
712 553
723 554
735 555
746 556
756 557
767 558
782 558
793 559
800 559
809 559
817 558
825 557
832 557
838 557
845 557
851 556
856 556
863 555
870 555
873 555
876 555
880 556
884 555
888 555
891 555
893 555
895 555
897 555
899 555
901 555
903 555
904 555
906 555
909 555
911 555
912 555
913 555
914 556
916 556
919 556
922 556
925 556
929 556
931 556
933 557
934 557
937 557
939 557
942 558
946 559
949 560
952 561
954 562
955 563
957 564
958 564
960 565
961 566
963 567
964 568
965 568
966 568
967 569
968 569
968 570
969 569
969 567
970 565
970 563
970 561
970 558
970 557
970 554
970 552
970 551
970 549
970 547
969 544
968 542
968 540
967 538
966 535
965 533
964 531
964 530
963 529
963 527
962 525
961 523
961 522
960 522
960 521
959 520
958 520
956 520
954 520
951 520
949 520
946 521
942 522
938 524
934 525
930 526
927 527
924 527
920 529
915 531
911 532
907 532
902 533
896 535
891 536
887 538
883 539
878 539
872 539
867 540
863 541
857 541
852 542
846 543
838 544
832 545
828 545
823 545
816 544
810 544
806 544
800 543
795 543
791 543
784 543
776 543
771 542
768 541
763 541
759 541
754 540
750 539
747 538
742 537
737 536
732 535
727 534
722 534
718 533
714 533
711 532
708 532
704 532
699 531
695 531
691 530
687 530
683 529
678 529
674 529
672 529
669 529
664 529
659 529
655 529
651 529
647 529
639 530
633 531
628 532
622 532
616 532
611 532
606 532
599 532
594 532
588 532
580 532
572 532
563 532
556 531
551 530
543 530
536 529
530 529
523 529
516 528
510 528
502 528
492 527
481 528
475 529
466 528
458 528
451 528
443 528
435 529
427 528
418 528
412 529
401 529
390 529
383 529
377 529
368 528
361 528
355 528
348 528
341 527
335 527
328 526
319 525
309 525
301 525
296 524
288 524
281 524
273 525
265 525
259 525
251 525
243 525
233 525
223 525
218 525
210 525
204 525
198 525
190 525
183 525
178 525
171 525
165 525
158 524
150 523
144 523
139 523
133 523
127 523
122 523
117 523
110 523
105 524
100 524
93 524
85 525
80 525
74 525
69 525
65 525
60 524
56 524
50 524
45 524
42 523
36 523
30 523
26 522
23 522
19 522
16 521
12 521
9 520
6 520
3 519
1 520
-3 519
-6 519
-10 518
-12 519
-14 519
-15 520
-17 520
-19 520
-20 520
-22 520
-23 520
-24 520
-25 520
-27 520
-28 521
-29 521
-30 521
-29 522
-29 523
-28 524
-27 524
-26 525
-24 525
-22 526
-19 527
-15 528
-12 528
-8 528
-3 528
3 529
11 529
20 529
27 529
36 529
44 530
52 530
61 530
70 530
79 530
89 530
99 531
114 531
127 531
136 531
147 531
157 531
168 531
178 531
189 531
199 531
210 531
221 531
236 531
251 531
261 529
273 529
283 529
293 529
305 529
315 528
326 527
336 527
346 526
361 525
374 525
383 526
392 525
401 525
411 524
419 524
427 524
436 524
444 523
452 522
462 522
473 522
480 522
487 522
494 521
500 520
507 520
514 520
521 520
528 520
535 520
543 520
552 520
558 520
564 519
571 518
578 518
583 518
590 518
596 517
602 517
608 517
615 516
621 516
627 517
633 518
637 518
641 518
646 518
652 519
656 519
660 519
664 520
670 521
675 521
680 521
686 522
691 523
695 523
699 523
704 523
709 524
714 524
716 525
721 525
728 525
733 525
736 525
739 525
743 525
748 525
752 525
755 525
759 525
763 525
769 525
774 526
777 526
780 526
784 526
788 526
792 526
794 526
797 526
801 526
806 527
810 526
814 525
818 526
822 526
827 527
832 527
834 527
837 528
840 528
843 528
847 528
851 529
855 529
859 529
863 529
867 529
871 529
874 529
876 529
881 529
885 529
889 529
893 529
896 529
900 529
904 529
908 529
911 529
913 529
915 529
917 529
921 529
924 529
928 529
931 529
933 529
935 529
937 529
939 529
941 529
943 529
945 529
947 530
949 530
950 530
951 530
952 531
953 531
954 531
955 531
956 531
957 531
958 532
959 532
960 532
961 532
961 531
962 531
963 531
962 530
961 530
959 530
955 530
951 530
947 529
943 529
938 527
932 527
926 526
921 525
914 524
909 524
904 523
898 522
892 520
886 519
880 518
873 517
865 516
856 514
850 514
844 513
836 513
830 512
824 511
817 510
810 509
805 509
799 509
792 509
784 508
776 507
771 507
767 507
762 506
756 506
752 506
749 506
745 506
739 506
733 506
728 506
723 506
718 506
714 507
710 507
707 507
702 507
697 507
693 507
690 507
686 508
679 508
675 508
671 508
667 508
661 508
655 508
652 508
648 509
642 509
637 510
631 510
625 511
619 511
614 511
609 511
603 511
597 512
592 513
586 513
580 514
574 514
566 515
557 516
552 516
545 518
538 518
533 518
526 519
519 520
514 520
507 520
500 521
492 521
483 522
476 522
470 522
463 523
457 524
448 524
440 524
435 524
428 525
420 526
412 525
404 525
398 525
392 525
386 525
380 525
375 525
368 525
361 525
357 525
351 524
343 524
337 523
331 523
324 523
319 522
315 522
310 521
305 520
300 520
296 520
291 519
285 519
279 518
273 518
268 517
263 517
259 516
255 516
251 516
246 516
241 516
237 516
231 516
225 516
221 516
217 516
213 515
208 515
204 515
201 515
197 515
192 515
187 515
183 515
178 515
174 515
169 515
165 514
161 514
158 515
153 515
149 514
145 514
142 515
137 515
132 516
128 516
124 516
121 516
118 517
114 517
110 518
106 518
103 518
100 519
96 519
92 519
88 520
85 520
82 520
80 520
77 520
74 520
71 520
67 520
65 521
63 521
60 522
58 522
54 522
50 522
47 523
46 523
44 523
42 523
40 523
38 523
36 523
32 523
29 524
27 524
25 524
24 524
23 524
22 525
20 525
19 525
18 525
16 525
14 525
12 525
9 525
8 525
6 525
5 525
4 525
3 525
2 525
1 525
0 525
-1 525
-2 525
-3 525
-4 525
-5 525
-5 524
-6 524
-6 523
-5 522
-4 520
-3 519
-3 518
-2 517
-2 516
-1 515
-1 514
-1 513
0 513
0 512
0 511
1 511
1 510
2 510
4 509
5 509
6 508
7 508
8 508
9 508
10 507
11 507
12 507
13 507
14 507
15 507
16 507
17 507
18 507
20 507
22 507
24 507
26 507
27 507
29 507
30 507
31 507
32 507
33 507
34 507
37 507
39 508
41 508
44 508
46 509
47 509
49 509
50 509
51 510
52 510
53 510
55 510
58 511
60 512
63 512
65 512
67 513
68 513
70 513
71 513
72 513
74 514
77 514
80 514
83 515
86 515
88 516
90 516
93 516
96 516
98 516
102 516
105 516
108 516
111 517
114 517
117 517
120 517
124 517
126 517
128 517
131 517
135 517
138 517
142 518
145 519
148 519
151 519
154 519
157 520
161 520
164 520
166 520
169 521
172 521
178 522
183 523
185 522
188 522
192 523
197 523
201 523
204 523
207 524
210 524
215 523
221 523
225 523
230 523
234 523
239 522
243 522
246 522
251 521
256 521
261 521
264 520
269 520
275 520
279 519
283 519
286 518
289 518
294 518
298 517
302 517
305 516
308 516
314 515
319 514
323 513
326 512
330 512
334 512
338 512
341 512
344 512
347 512
351 512
357 511
361 511
364 511
367 510
371 510
376 510
380 510
382 509
385 509
388 509
392 509
397 508
401 508
404 508
406 508
410 508
414 508
418 509
421 508
423 508
425 508
429 508
435 507
440 507
443 507
446 507
450 507
454 507
458 506
460 506
462 506
465 506
469 507
474 507
478 507
480 508
482 508
484 508
487 509
490 509
493 509
496 510
499 511
501 511
503 511
506 511
510 511
514 511
517 511
519 511
521 511
524 511
526 511
529 511
533 511
536 511
539 511
541 511
543 511
546 511
548 511
552 510
554 510
557 510
559 510
561 510
563 509
567 509
571 509
574 509
577 509
579 508
580 508
582 508
585 508
587 508
590 507
594 507
596 507
598 507
600 507
602 507
604 507
606 507
609 507
612 507
615 507
617 507
619 507
621 507
623 507
626 507
629 507
632 507
635 507
637 507
639 506
640 506
642 506
646 506
650 506
654 505
656 505
658 505
660 505
661 505
663 505
666 505
669 505
672 505
675 505
677 505
679 505
681 504
684 504
687 504
690 504
693 504
695 504
697 504
699 504
702 504
706 504
710 504
713 504
715 504
717 504
719 504
721 504
723 504
727 504
730 504
733 504
736 504
738 504
740 504
743 503
747 503
750 503
753 503
755 504
757 504
760 503
764 502
770 502
773 502
776 502
778 502
781 502
784 502
788 502
791 502
794 501
796 501
800 502
804 501
808 501
812 502
814 502
816 502
818 503
820 502
823 502
826 502
829 503
832 503
834 503
835 503
837 503
838 503
840 502
842 502
845 503
848 503
850 503
852 503
855 503
857 504
861 504
865 504
868 504
871 504
873 504
875 504
876 505
879 505
881 505
885 506
889 506
891 506
892 507
893 507
895 507
896 507
897 508
899 508
900 508
902 509
904 509
906 509
908 509
910 509
911 509
912 509
914 509
916 510
917 510
918 510
920 511
921 511
923 511
924 511
926 511
927 511
929 511
930 510
931 510
932 510
933 510
934 510
935 510
936 510
937 510
938 510
939 510
940 510
941 510
942 510
943 510
945 510
947 510
948 509
949 509
951 509
952 509
953 509
954 508
955 508
956 508
957 508
958 507
959 507
960 507
961 507
962 507
964 507
967 507
969 507
971 507
Color -16777216 Stroke 22
73 494
77 504
79 506
81 509
84 513
86 517
89 520
91 522
94 526
97 530
100 534
103 538
107 542
111 546
114 550
116 552
Color -16777216 Stroke 22
137 483
145 493
148 497
150 500
152 503
154 507
157 511
160 516
164 520
168 527
171 534
173 537
175 541
177 544
180 548
182 551
Color -16777216 Stroke 22
62 558
73 561
76 563
79 564
84 566
89 568
93 570
98 572
105 575
112 578
118 579
125 580
131 581
137 582
145 582
152 582
159 582
165 583
172 582
182 582
191 580
197 579
203 576
209 574
214 573
220 570
225 568
229 565
234 561
240 556
245 552
250 547
254 542
256 539
Color -16777216 Stroke 7
351 488
352 499
353 502
354 506
356 511
357 515
358 518
359 522
360 525
360 530
361 534
362 538
362 541
362 544
362 549
361 552
361 554
361 556
361 557
Color -16777216 Stroke 7
387 486
388 499
388 504
389 510
389 515
389 518
389 521
389 525
390 529
390 534
390 537
390 540
390 543
391 547
391 549
392 550
Color -16777216 Stroke 7
318 546
325 554
327 556
328 558
329 560
331 562
333 564
335 566
337 569
339 570
341 572
344 575
346 577
350 578
353 580
356 581
360 582
363 583
365 583
369 584
372 584
375 584
378 584
381 584
386 584
391 583
394 583
396 582
399 580
402 579
405 576
408 573
411 570
413 568
416 566
419 562
421 559
423 557
425 554
427 552
429 549
431 546
432 545
Color -16777216 Stroke 7
493 482
499 495
500 499
501 502
502 504
502 507
503 512
503 516
504 519
504 522
504 527
504 532
503 536
503 539
502 541
502 543
Color -16777216 Stroke 7
530 473
532 486
534 491
535 497
535 502
534 507
534 513
534 518
533 522
533 525
533 528
533 533
534 536
534 540
534 542
534 544
535 546
535 548
Color -16777216 Stroke 7
461 510
463 521
465 526
465 531
467 535
467 538
468 541
469 546
470 551
471 555
473 559
476 563
479 568
482 573
484 576
486 578
488 581
492 584
496 586
499 588
502 589
504 590
508 591
513 592
519 593
522 591
526 590
532 589
537 587
540 586
543 583
547 580
552 576
556 572
560 569
564 564
567 559
570 556
573 553
576 549
578 546
580 542
581 538
582 535
583 533
583 530
583 529
Color -16777216 Stroke 7
655 468
653 486
653 490
653 494
654 498
654 501
654 504
654 507
655 509
655 513
656 516
657 519
659 521
659 524
660 527
660 530
660 532
660 533
660 534
660 536
Color -16777216 Stroke 7
683 469
683 482
683 485
684 492
684 498
684 501
684 505
684 509
684 513
684 517
684 519
684 521
684 522
684 524
683 527
683 530
683 533
682 535
682 536
681 537
680 537
Color -16777216 Stroke 7
616 520
620 533
621 537
622 540
623 544
624 549
626 554
627 557
629 561
632 565
635 570
638 575
639 577
641 579
643 582
646 585
649 586
653 588
655 589
659 590
662 590
669 590
675 589
680 589
686 587
692 586
697 583
702 580
707 577
712 575
715 571
718 569
722 565
726 560
729 556
730 553
732 550
733 547
734 544
735 542
735 539
735 536
736 533
736 531
735 529
735 527
735 526
735 525
734 524
734 523
733 522
Color -16777216 Stroke 7
793 467
794 479
794 484
794 488
794 491
795 495
795 498
795 501
795 504
795 509
796 513
796 517
796 520
796 522
796 525
796 528
796 530
796 533
796 534
796 536
Color -16777216 Stroke 7
822 468
824 480
824 485
824 489
824 493
823 498
823 500
822 503
822 507
822 510
822 513
822 516
822 518
822 519
821 520
821 522
821 523
820 524
820 525
820 526
820 529
Color -16777216 Stroke 7
768 495
768 510
768 516
768 520
767 526
767 532
766 537
766 541
765 548
765 553
765 557
766 562
767 568
768 573
770 577
772 580
774 582
776 584
779 586
782 588
786 589
790 589
797 589
805 588
809 587
815 586
820 584
826 580
830 577
835 575
839 571
843 568
846 564
850 559
853 554
855 551
857 549
858 545
860 540
860 536
861 534
861 531
861 529
861 527
860 523
859 519
859 517
858 516
858 514
857 513
857 512
856 512
855 512
855 513
854 514
854 516
Color -16777216 Stroke 7
44 501
52 511
52 514
51 517
51 520
51 523
50 525
49 528
49 530
48 533
47 536
47 538
47 540
47 541
47 543
48 544
49 545
51 545
54 545
57 544
60 543
64 541
68 538
73 535
76 534
79 532
82 531
85 530
87 530
89 529
90 529
91 529
92 530
93 533
93 536
93 539
93 543
93 545
92 549
92 553
92 555
92 557
92 558
93 559
94 561
96 561
99 561
103 561
107 561
111 560
115 559
119 557
123 556
126 555
128 554
131 553
132 554
133 554
134 556
135 557
135 559
136 560
136 562
136 563
136 566
136 569
136 571
136 573
137 573
139 574
142 574
145 573
147 572
150 571
153 570
157 570
159 569
162 569
164 569
166 569
167 569
168 570
169 573
170 575
171 577
171 578
171 579
172 580
173 582
175 583
178 583
183 583
186 582
189 582
192 582
195 581
199 581
202 582
204 583
Color -16777216 Stroke 7
213 504
202 520
198 526
193 534
189 540
186 543
185 544
184 545
185 545
186 545
188 543
192 540
198 536
205 532
212 527
219 524
223 522
227 521
229 520
230 520
232 520
232 521
233 522
234 525
232 531
231 537
228 542
226 546
225 549
224 551
224 552
224 553
225 553
226 554
231 552
237 550
241 549
244 548
246 548
248 548
249 548
250 548
250 551
251 553
251 555
250 558
249 561
248 563
248 564
248 566
248 567
248 568
249 568
250 568
251 568
255 568
259 568
262 567
264 567
265 567
267 568
268 570
269 572
270 575
271 577
271 580
271 584
271 590
270 594
270 596
270 598
270 599
270 600
271 601
272 602
275 602
278 603
281 602
284 602
286 602
288 602
290 601
293 600
295 599
296 599
298 598
299 598
300 599
300 600
Color -16777216 Stroke 7
28 36
41 34
43 33
46 32
48 31
50 30
52 30
54 28
56 27
58 25
61 24
63 23
65 23
67 22
68 21
70 21
71 22
72 22
74 22
75 22
77 21
79 20
81 20
83 20
85 20
86 19
89 18
91 18
92 18
93 18
94 18
96 18
98 18
101 18
103 18
104 19
105 19
107 19
108 20
110 20
111 20
112 21
113 23
114 23
115 24
115 25
116 25
117 26
118 27
119 27
120 28
122 28
122 29
124 30
125 30
126 30
126 31
127 32
128 32
128 33
129 34
129 35
130 36
130 37
130 38
130 39
131 39
131 40
131 41
131 43
132 44
132 45
132 46
132 47
132 48
132 49
132 50
133 51
133 52
133 53
133 54
133 55
133 56
133 57
133 58
133 59
133 60
133 62
134 63
134 64
134 66
134 67
134 68
134 71
134 73
134 74
134 75
134 76
134 78
134 79
134 80
134 81
134 82
134 84
134 85
134 87
134 88
134 89
134 90
134 91
134 93
134 94
134 97
134 99
134 101
134 102
134 103
134 105
134 106
134 109
134 112
134 114
134 117
134 120
134 122
134 123
134 125
134 126
134 129
134 132
135 136
135 138
135 139
135 141
135 142
135 144
136 145
136 147
136 149
136 150
137 151
137 153
138 155
138 156
139 157
140 158
142 159
144 160
145 161
146 162
147 162
149 163
150 163
151 164
152 164
154 163
158 163
161 163
164 162
166 162
167 162
169 162
171 162
172 162
175 161
178 160
180 160
183 159
186 158
188 157
190 156
191 155
192 154
194 153
196 153
198 152
200 152
202 151
203 150
204 149
206 148
207 147
208 146
209 146
210 144
211 142
212 140
213 138
214 136
215 134
216 132
218 130
220 128
221 126
223 125
224 123
225 122
226 120
227 118
229 116
230 115
230 113
231 112
232 112
232 110
233 109
234 106
234 104
234 103
235 101
236 99
237 98
238 96
239 94
241 93
242 91
243 90
244 89
245 88
246 86
246 85
247 84
249 81
250 78
251 76
252 75
252 74
253 73
254 71
255 69
257 67
258 66
260 64
261 63
263 62
263 61
264 60
265 59
266 58
266 57
267 57
268 56
268 55
269 55
270 54
271 53
272 52
273 50
274 49
277 47
279 45
280 44
281 43
283 41
285 39
287 38
288 36
289 36
290 35
291 34
293 32
296 31
298 30
300 30
302 29
303 28
305 27
307 27
308 26
309 25
311 25
313 24
315 23
317 23
319 22
321 21
323 20
325 19
326 18
328 17
329 17
331 16
333 16
336 16
338 15
340 14
342 14
344 14
346 14
347 13
348 13
350 13
353 12
356 12
358 12
360 12
362 12
364 12
365 12
366 12
367 12
368 12
369 12
370 12
371 12
373 12
375 12
376 12
378 12
379 12
380 13
382 13
383 13
384 14
385 14
386 14
387 14
388 14
389 14
390 15
392 15
393 16
395 16
396 17
398 17
399 18
400 19
401 20
402 20
404 21
405 22
406 23
407 24
408 25
409 25
410 26
411 26
412 27
414 28
415 29
417 30
418 30
419 31
420 32
420 33
421 34
421 35
421 36
421 37
421 38
421 39
421 40
420 41
420 42
419 43
419 44
418 46
418 47
418 48
417 48
417 50
416 51
416 52
415 54
415 56
414 59
414 61
413 62
413 64
413 65
412 66
411 67
411 69
411 71
410 73
410 74
409 75
409 78
408 79
408 80
408 82
407 85
406 87
406 88
405 90
404 92
403 94
402 95
401 97
400 98
400 100
399 101
399 102
398 103
398 105
398 106
398 107
398 109
398 111
398 112
398 113
398 114
398 115
398 116
399 117
399 119
399 120
400 122
401 124
401 126
401 128
402 129
402 130
403 132
403 133
404 134
404 136
404 137
405 138
406 139
407 140
408 141
409 142
410 143
412 144
415 144
418 145
420 146
422 146
424 145
427 145
432 144
436 144
439 144
441 144
444 143
446 142
449 141
453 141
456 141
458 141
461 140
464 139
467 138
472 137
475 136
478 135
481 134
483 133
486 132
488 132
493 130
496 130
499 128
502 128
504 127
506 126
508 124
510 123
512 121
514 120
515 119
516 118
518 117
519 115
521 114
521 113
522 112
522 111
523 109
524 107
524 105
524 104
525 103
525 100
526 98
526 96
526 95
526 94
526 92
526 91
526 89
526 88
526 87
526 86
526 83
526 80
526 78
526 77
526 76
526 75
527 74
527 72
527 71
527 69
528 68
528 67
528 66
529 64
529 62
530 61
530 59
531 58
531 57
532 55
533 54
534 52
535 50
536 49
537 48
538 47
538 46
539 46
540 46
540 45
541 45
541 44
542 43
542 42
542 41
543 41
544 40
545 39
546 38
547 37
548 36
549 36
550 35
552 34
554 33
555 32
556 32
558 31
559 30
560 30
561 29
562 29
563 29
564 29
565 29
566 29
567 28
568 27
570 26
572 25
573 25
575 25
577 25
578 25
580 24
581 23
582 23
583 22
584 22
585 21
586 20
587 20
589 20
591 20
593 19
595 19
596 19
598 19
599 18
600 18
601 18
603 18
604 17
606 17
608 17
610 17
613 16
615 16
616 16
618 16
619 16
620 16
621 16
622 16
623 16
625 15
628 15
630 15
632 15
634 15
636 14
637 14
639 14
640 14
641 14
643 14
645 15
648 15
651 15
653 15
655 15
657 15
658 16
659 16
660 16
662 17
663 18
664 18
665 19
666 19
667 20
668 20
669 20
670 21
671 21
672 22
673 23
674 23
674 24
675 24
675 25
676 25
676 26
677 27
678 28
678 29
679 29
679 30
679 31
679 32
679 33
679 34
679 35
679 36
680 38
680 39
680 40
680 41
680 43
681 44
681 45
681 47
681 48
681 49
681 52
681 55
681 57
681 59
681 61
681 62
682 64
682 66
682 67
682 68
682 69
682 70
682 71
682 72
682 73
682 74
682 75
683 77
683 78
683 80
683 81
683 82
683 83
683 84
683 85
684 87
684 88
684 89
685 89
685 90
686 90
686 91
686 92
687 93
688 94
688 95
689 95
689 96
690 96
690 97
691 97
692 98
693 98
693 99
694 100
695 100
696 101
697 101
697 102
698 102
699 103
700 103
701 104
702 105
703 105
703 106
704 107
705 107
706 108
707 109
708 110
709 111
711 111
712 112
714 112
715 113
716 113
716 114
717 114
718 115
719 115
720 116
721 117
722 118
724 119
726 120
728 121
730 122
732 123
734 124
735 125
736 126
737 127
738 128
739 129
740 130
741 131
742 132
743 132
744 133
744 134
745 135
745 136
745 137
746 138
747 139
747 140
748 141
749 141
751 142
752 144
753 144
754 144
755 145
756 145
756 146
757 146
759 146
760 146
761 146
763 146
764 146
766 146
768 146
770 146
772 145
773 145
775 144
777 143
778 141
780 139
782 139
783 138
784 137
785 136
787 135
788 134
790 132
792 130
793 129
794 128
795 126
796 124
797 122
798 120
799 118
799 116
800 114
801 112
802 109
803 107
804 105
806 103
807 100
808 98
810 96
812 94
813 93
814 91
815 90
816 88
817 87
817 85
818 84
818 82
819 81
819 80
820 79
820 78
820 76
821 75
822 74
822 73
822 72
822 70
823 69
823 68
824 67
824 65
824 64
825 62
825 60
826 59
826 58
827 57
827 55
827 54
828 53
828 51
829 49
829 48
830 46
831 44
832 42
834 39
835 38
836 36
837 35
837 34
838 33
839 30
840 29
841 27
842 26
843 25
845 23
847 22
849 20
851 18
853 16
854 16
855 15
856 14
857 14
858 13
860 11
862 11
863 10
864 10
866 9
867 9
868 8
869 8
871 9
872 9
873 8
874 8
875 8
876 8
877 8
878 8
879 8
880 8
881 8
882 8
883 8
885 8
886 8
887 8
888 8
889 8
890 8
891 8
891 9
892 9
893 9
894 9
895 9
896 9
897 9
898 9
900 9
901 9
902 9
903 9
904 9
905 9
906 9
907 9
909 9
910 10
911 10
912 10
913 11
914 11
915 11
916 12
917 12
918 13
919 13
919 14
920 14
921 14
922 15
924 16
925 16
927 17
929 18
930 18
931 18
933 19
934 20
936 20
937 21
939 23
940 23
941 24
942 25
943 26
944 27
946 27
947 27
949 28
950 29
951 30
952 32
953 32
953 33
954 34
954 35
955 36
956 37
956 38
956 39
956 40
956 41
956 42
956 43
956 44
956 45
956 46
957 47
957 48
957 49
957 50
957 51
957 52
957 53
957 55
956 57
956 58
956 60
956 61
956 62
955 64
955 65
955 66
954 68
954 70
953 71
953 73
952 74
951 75
951 77
950 79
949 81
948 83
947 84
947 86
946 87
946 88
945 89
945 91
944 92
944 94
944 96
944 98
944 99
944 101
943 102
943 103
943 104
943 105
942 107
942 108
942 110
942 112
941 114
941 115
940 117
940 120
940 121
940 123
939 126
939 128
939 130
938 132
938 134
938 137
938 140
938 141
937 144
937 146
937 148
937 150
937 153
937 156
937 159
937 161
937 162
937 164
937 167
937 170
937 172
937 175
937 177
937 179
938 182
938 184
938 186
938 187
938 189
938 190
938 191
938 194
938 196
938 197
937 199
937 201
937 202
937 203
936 206
936 208
935 210
934 211
933 213
933 214
932 216
930 218
929 220
928 222
927 224
926 225
925 228
924 232
923 235
922 237
921 238
921 239
920 240
919 241
918 243
916 245
915 247
914 249
913 250
911 251
910 252
909 253
909 254
908 255
907 255
907 256
907 257
906 257
905 257
904 257
903 258
902 258
901 258
900 257
898 257
896 257
893 255
891 255
890 254
888 254
887 253
886 253
885 253
884 253
883 253
882 253
881 253
879 252
878 252
877 251
875 251
874 251
872 250
870 249
869 249
868 248
866 248
865 247
863 246
862 246
860 246
857 245
855 245
853 245
851 245
849 245
848 245
846 244
844 244
842 244
841 243
838 243
836 242
834 241
833 241
832 240
830 239
829 239
828 238
827 237
825 236
824 236
824 235
822 233
822 232
821 231
820 230
820 229
818 228
817 226
816 224
815 223
814 222
813 221
812 220
811 219
810 218
809 217
808 216
808 215
807 214
807 213
806 212
806 211
805 210
805 209
804 208
804 207
803 207
803 206
802 205
802 203
801 201
801 200
800 199
800 197
800 196
800 194
800 193
800 192
800 191
800 190
800 189
799 188
799 187
799 186
799 185
799 184
798 183
798 181
798 179
798 178
798 176
798 174
798 173
798 172
798 171
798 170
798 169
798 168
798 167
798 166
798 164
798 163
798 161
798 159
798 157
798 155
798 154
798 153
799 152
799 151
799 150
799 148
799 147
799 146
800 145
800 144
801 142
801 141
802 140
802 139
803 138
804 137
805 136
806 134
807 133
808 132
810 131
810 130
811 130
812 129
813 128
814 128
815 127
816 126
817 125
817 124
818 123
819 123
820 122
821 121
822 120
823 120
824 118
827 118
828 117
830 117
832 117
833 116
835 115
836 115
838 115
839 115
841 114
843 114
846 114
848 114
850 114
851 114
853 113
854 113
855 113
857 113
858 113
859 113
861 113
863 112
865 112
867 112
869 112
870 112
871 112
873 112
874 112
875 112
876 112
878 112
879 112
881 112
883 112
885 112
887 112
889 111
890 111
891 110
893 110
894 110
895 110
896 110
897 110
899 110
900 109
901 109
902 109
903 109
905 109
907 109
909 109
910 109
911 109
912 109
913 109
914 109
915 109
916 110
918 110
919 110
920 110
921 110
923 110
924 111
925 111
927 111
928 111
929 112
930 112
931 112
932 112
933 112
933 113
934 113
934 114
935 114
935 115
936 116
937 116
937 117
938 118
938 119
939 119
939 120
940 121
940 122
941 123
941 125
942 125
942 126
942 127
943 128
943 130
944 130
944 131
944 133
944 135
944 136
944 138
945 142
945 144
946 146
946 148
946 150
946 152
946 154
946 156
945 160
945 163
945 166
945 170
945 174
944 177
944 180
944 183
944 187
944 190
943 194
943 197
942 201
942 204
942 207
941 210
941 214
940 217
940 219
939 222
939 224
938 226
937 229
937 231
936 234
936 236
935 237
934 239
932 242
931 243
930 244
928 245
927 246
926 247
925 248
923 249
922 251
920 252
919 253
918 254
916 255
915 255
913 256
911 257
910 258
909 259
909 260
908 260
907 260
907 261
906 261
906 262
905 262
905 263
904 263
904 264
904 265
903 266
903 267
902 268
902 269
901 270
901 271
900 272
900 274
900 276
900 277
899 278
899 280
899 281
899 283
899 284
899 285
899 287
899 289
899 291
899 293
899 294
899 295
899 296
898 297
898 298
898 299
897 299
897 300
896 302
895 304
894 305
893 308
893 309
891 310
890 312
889 313
888 315
886 317
886 319
884 321
883 324
881 326
881 328
880 330
879 333
878 334
878 335
876 337
875 338
873 340
871 342
870 344
868 347
867 349
865 351
865 353
864 354
862 356
862 357
861 358
860 360
857 362
855 365
854 366
852 368
850 369
849 370
848 372
847 373
845 374
844 375
843 376
841 377
839 379
836 381
834 382
832 383
830 384
828 385
827 386
825 387
824 388
822 390
819 391
816 392
814 393
812 394
810 396
808 396
807 398
806 398
804 399
803 399
803 400
801 401
799 402
797 403
796 405
794 406
793 407
792 409
791 410
789 411
788 412
787 414
786 416
785 417
784 418
784 419
783 420
782 422
782 423
782 424
781 426
780 427
780 428
780 429
779 430
779 431
779 433
779 434
779 435
779 436
779 437
779 438
779 439
779 440
780 441
780 442
780 443
780 444
781 445
782 446
782 447
783 448
784 449
785 449
786 449
787 450
789 452
791 453
793 454
794 454
796 454
797 455
799 455
802 456
805 456
808 456
810 456
812 457
814 457
816 457
818 457
820 456
822 456
824 456
827 456
829 456
831 456
832 456
834 456
836 456
837 456
839 456
840 456
842 456
844 456
847 456
849 456
851 456
853 456
855 456
857 456
859 456
862 456
865 456
867 456
869 456
872 456
874 456
876 456
879 455
881 454
883 454
886 454
888 454
890 453
892 452
893 451
895 451
897 449
899 448
900 447
902 446
903 445
905 443
907 442
909 441
910 440
912 439
914 438
915 435
916 434
917 433
918 431
919 429
920 428
921 426
921 425
922 424
923 421
924 418
925 416
925 413
926 412
927 410
928 408
928 406
929 403
930 402
930 400
931 397
932 394
933 392
933 390
933 389
933 387
933 385
933 383
932 381
931 378
931 376
930 374
929 370
928 367
927 365
927 363
926 361
926 359
925 355
924 353
923 351
923 348
921 345
920 342
919 339
919 336
918 333
917 330
917 329
916 327
916 325
914 323
913 320
911 318
910 315
909 313
908 311
907 309
906 306
905 304
904 302
904 300
903 299
902 297
901 296
900 294
900 291
898 289
897 287
895 285
893 283
891 282
890 280
889 279
888 277
887 275
885 273
883 271
882 270
881 269
880 268
878 267
875 264
873 263
871 262
869 261
867 260
865 258
862 257
861 256
859 255
856 254
854 253
852 251
849 250
846 249
844 249
842 248
838 248
834 247
831 247
829 247
826 247
824 247
822 248
818 249
815 250
812 251
809 253
806 254
804 255
802 257
799 258
796 260
794 260
792 261
790 262
789 264
787 265
784 268
782 271
779 273
775 275
772 278
769 280
766 283
764 286
761 288
757 291
754 294
751 297
747 300
745 304
742 308
741 310
740 312
739 315
737 316
736 318
735 321
735 323
734 325
734 328
734 331
734 333
734 335
735 337
736 340
737 344
738 347
738 350
739 353
740 356
741 359
742 362
743 365
744 368
745 371
746 374
747 377
748 381
750 384
752 387
753 390
755 394
756 396
757 398
758 401
759 405
760 408
761 411
761 413
762 415
762 417
763 420
763 425
762 428
762 430
761 432
761 434
760 435
759 436
757 438
755 440
753 442
749 445
745 448
742 449
737 451
733 452
728 454
724 455
719 456
714 456
710 456
707 457
700 457
694 458
690 458
688 458
683 458
678 458
674 458
672 458
669 458
667 457
662 457
658 456
654 456
651 456
648 455
646 454
643 453
639 451
636 449
634 447
631 445
629 443
627 441
626 439
624 438
623 435
621 433
620 431
618 428
617 426
616 424
615 421
614 418
614 416
613 412
613 409
613 407
613 405
614 402
615 399
616 395
617 391
618 389
619 386
620 385
621 382
622 379
623 376
624 374
625 372
627 369
628 368
631 365
633 363
635 361
638 358
640 356
641 353
643 350
645 348
647 346
649 344
652 342
655 340
657 338
659 336
661 335
665 332
667 330
671 328
673 327
675 326
676 325
678 325
680 324
682 324
685 323
688 322
692 322
694 322
696 322
698 322
700 321
702 321
704 321
706 321
709 320
712 320
714 320
716 319
719 319
721 319
723 318
726 318
729 317
731 317
733 317
735 318
737 318
739 317
741 317
742 317
743 317
744 317
745 317
746 317
746 316
747 316
746 315
745 314
745 313
744 313
742 312
740 312
738 312
735 312
733 312
730 312
728 312
726 312
724 313
722 313
719 314
716 314
713 315
711 316
708 317
707 318
705 319
702 320
700 321
696 321
694 322
693 323
690 324
688 325
687 326
685 328
682 330
680 331
677 333
674 335
672 337
669 338
667 340
663 342
659 346
656 348
653 351
650 353
648 355
647 357
645 358
642 361
640 363
638 365
635 368
633 370
631 373
629 375
627 376
627 378
626 379
624 381
623 383
622 385
621 386
620 387
619 388
618 390
617 390
617 391
616 391
616 392
615 392
614 393
613 394
612 395
612 396
611 396
610 397
608 398
607 399
605 402
602 404
599 406
595 410
591 413
586 417
581 420
577 424
573 427
570 429
567 431
564 434
560 436
556 438
554 440
550 443
547 445
542 448
538 450
535 452
533 453
531 454
528 455
524 456
520 457
517 457
514 457
511 457
508 456
505 456
502 455
498 454
496 451
494 449
492 447
490 445
489 444
487 442
484 439
482 437
480 434
478 431
476 428
474 426
473 424
472 421
472 418
471 415
470 411
469 407
469 404
468 401
468 397
467 394
467 391
467 387
467 384
467 381
468 377
468 373
469 369
469 367
469 365
469 362
470 359
471 356
472 353
473 351
474 348
476 346
479 343
481 340
483 337
484 335
486 333
488 330
491 328
494 326
497 324
499 322
501 320
505 318
508 316
512 314
515 312
517 310
520 308
521 307
524 306
526 305
530 305
534 303
537 302
540 301
543 300
547 300
551 300
555 300
558 299
560 299
563 300
568 301
573 301
577 302
581 303
586 303
592 303
596 304
599 305
602 306
606 308
610 309
613 311
616 312
618 314
621 316
624 318
627 320
629 321
632 324
634 325
636 327
638 328
639 330
640 330
641 331
642 333
643 335
644 336
645 337
646 338
646 339
647 340
648 341
648 340
647 338
647 336
647 335
646 333
646 330
646 328
645 327
645 325
644 322
643 319
643 317
642 314
641 312
640 310
639 308
638 305
637 303
636 299
634 295
633 292
632 289
632 287
631 285
631 283
630 280
630 277
629 274
629 272
629 269
629 267
628 265
628 262
628 261
627 258
627 256
627 254
627 253
627 251
627 249
627 246
627 245
627 243
627 240
627 238
627 236
627 234
627 233
627 230
628 227
629 224
630 222
632 220
632 217
634 215
635 212
636 210
638 209
639 207
640 205
641 202
643 199
645 197
648 194
651 191
654 189
656 187
658 185
660 183
662 181
665 180
667 178
671 175
674 173
676 171
679 170
681 169
684 168
688 166
691 166
695 164
697 163
699 162
702 161
706 160
709 159
713 158
715 157
717 157
719 156
721 156
723 156
726 156
729 156
732 156
734 156
736 156
738 156
739 156
741 156
744 157
746 158
749 159
751 160
753 160
755 161
757 162
758 163
760 164
761 165
763 166
765 166
767 166
768 167
769 167
771 168
773 169
774 169
775 170
776 171
777 171
778 171
778 172
779 172
780 173
781 173
782 173
783 173
784 174
785 174
786 175
787 175
788 175
789 175
789 176
790 176
790 177
791 177
792 177
793 177
794 176
794 175
795 175
796 176
796 175
795 175
794 174
794 173
Color -16777216 Stroke 7
521 107
532 113
534 114
537 116
539 117
541 118
542 119
545 121
547 122
549 124
552 126
555 128
557 129
559 130
561 132
564 133
567 135
570 137
573 138
575 139
578 140
580 141
581 142
583 143
585 144
587 145
589 146
592 147
594 147
596 148
597 148
598 148
599 149
600 149
601 149
601 150
602 150
603 150
604 150
605 150
606 150
607 151
608 153
609 153
610 154
611 154
612 155
613 156
614 157
615 158
616 159
618 160
619 161
620 162
620 163
621 164
622 165
622 166
623 166
624 167
625 169
626 169
627 170
627 171
629 171
630 173
631 175
632 175
633 176
634 178
635 178
636 179
636 180
638 181
639 182
639 183
640 184
641 185
642 186
643 187
643 188
644 189
645 189
646 190
648 191
650 193
651 194
652 194
653 195
655 196
656 196
657 197
Color -16777216 Stroke 7
576 130
586 135
588 134
590 133
593 133
595 132
598 131
601 129
603 127
606 125
610 123
614 123
616 121
619 120
621 118
624 117
628 116
632 114
635 112
638 111
641 110
644 109
648 107
651 106
654 105
656 105
658 104
660 102
662 100
664 100
666 99
668 98
669 98
671 97
673 96
674 95
675 94
676 94
677 93
678 92
679 91
680 91
681 91
681 90
682 90
Color -16777216 Stroke 7
458 147
470 153
472 154
474 156
477 158
478 160
480 162
482 164
483 167
484 170
486 173
486 176
487 180
488 183
488 186
488 189
489 193
489 197
489 200
489 203
489 206
489 209
489 213
489 216
489 218
488 220
488 222
488 225
487 228
486 230
486 233
486 234
485 236
485 238
484 239
483 242
482 245
482 246
481 247
481 249
481 250
480 251
480 253
480 254
479 255
479 256
479 257
479 259
479 260
479 262
479 264
479 267
479 268
479 269
479 271
479 272
479 274
479 276
479 277
479 278
479 279
479 280
480 281
480 282
481 283
481 284
481 285
482 286
482 287
482 289
483 290
483 291
483 292
484 293
484 294
485 296
485 297
486 299
486 300
486 301
487 302
488 303
488 304
489 306
491 308
493 311
494 313
495 315
497 316
498 318
499 319
500 320
500 321
500 322
501 324
502 325
502 326
502 327
Color -16777216 Stroke 7
493 315
483 308
481 307
479 306
477 305
474 304
472 304
470 303
467 302
464 302
460 301
458 301
455 301
451 299
446 298
441 298
437 297
433 296
429 295
425 294
420 294
417 294
413 294
409 293
404 292
399 292
395 292
390 293
385 293
381 292
378 293
374 294
370 294
365 295
361 296
358 296
353 296
347 297
342 299
338 299
335 299
332 299
327 300
323 301
319 301
317 302
314 302
309 303
303 303
300 304
298 304
295 305
292 305
288 306
285 307
281 307
279 307
277 308
273 308
269 308
265 309
262 309
260 309
258 310
255 310
253 310
251 311
248 311
246 312
242 312
240 312
237 312
235 313
233 313
230 314
226 315
222 315
220 316
217 316
215 317
211 318
206 319
203 320
201 320
199 321
197 321
194 322
190 323
186 323
183 324
181 324
178 326
175 328
172 329
169 330
165 332
163 333
161 334
159 335
157 336
154 336
151 337
147 338
144 338
141 339
139 339
137 340
135 340
132 340
129 340
126 341
124 341
122 342
120 342
117 343
114 344
110 344
107 344
105 344
103 344
100 344
98 344
96 345
93 346
89 347
86 348
84 349
82 349
79 350
77 351
75 351
73 351
71 352
69 352
67 353
65 354
63 355
62 355
61 356
59 356
58 356
56 356
53 357
51 357
49 357
47 358
46 358
44 358
43 359
42 359
41 360
39 360
38 360
37 360
36 360
34 361
32 361
30 361
28 361
27 361
26 361
25 361
24 361
23 361
22 361
21 361
20 361
19 361
Color -16777216 Stroke 7
164 168
164 179
165 182
166 185
166 188
167 191
169 194
169 198
169 203
170 208
170 213
171 217
171 220
171 225
172 231
173 236
173 241
174 248
174 254
175 261
176 268
176 273
176 278
177 283
177 288
177 294
178 297
178 302
179 307
180 313
182 318
183 322
184 326
184 329
185 333
185 335
185 337
185 339
185 340
184 342
184 344
Color -16777216 Stroke 7
272 87
272 101
272 103
272 106
273 109
274 112
274 116
275 118
276 121
278 123
279 125
281 128
283 132
285 135
287 137
288 139
289 141
290 143
291 145
292 147
293 148
294 150
296 152
298 155
300 157
302 160
303 162
304 162
305 163
305 164
306 166
307 167
308 169
310 171
311 173
312 175
314 178
316 180
318 182
320 184
321 185
323 187
324 190
325 193
326 196
328 198
328 201
329 203
330 206
330 211
331 215
331 218
331 220
331 224
331 228
331 233
332 238
332 242
332 247
332 253
332 256
332 260
332 264
331 268
331 271
331 275
331 278
331 283
332 288
332 292
332 295
332 297
333 299
333 301
333 303
333 307
333 310
334 312
334 313
Color -16777216 Stroke 7
321 175
342 166
346 164
350 162
356 159
361 156
365 153
372 151
379 148
383 147
387 145
392 143
396 141
400 140
403 139
406 138
409 138
412 137
415 137
417 138
418 138
Color -16777216 Stroke 7
340 298
335 308
333 312
333 315
331 317
330 321
328 324
327 327
326 330
324 333
322 337
320 340
319 344
317 349
316 352
315 355
315 357
315 359
314 362
314 366
314 369
314 372
314 374
314 376
313 380
313 384
313 388
313 390
313 392
313 394
313 396
313 398
313 400
313 403
313 406
313 410
313 412
313 414
313 415
313 416
313 418
313 420
313 422
314 425
314 428
314 431
315 434
316 436
317 439
318 440
320 440
321 442
323 442
324 443
326 444
328 446
330 447
332 447
335 447
337 447
340 447
343 447
345 446
347 446
351 445
355 445
359 444
362 444
366 443
370 443
375 443
379 443
382 442
385 442
389 442
394 442
399 441
403 441
408 440
414 440
418 439
421 439
424 439
427 439
430 440
435 440
439 440
441 440
443 440
445 440
448 440
451 440
454 440
457 440
459 440
461 440
463 440
465 440
466 440
470 439
475 439
479 438
481 438
483 438
484 438
485 438
486 438
487 439
Color -16777216 Stroke 7
195 332
189 342
188 344
187 345
185 347
183 349
182 351
180 353
179 354
178 356
176 358
174 360
172 362
170 366
168 369
166 370
165 372
163 374
162 376
161 378
160 379
158 382
157 385
156 387
155 388
154 390
154 391
153 392
153 393
152 394
152 395
151 396
150 399
150 401
150 403
149 405
149 407
148 410
147 412
147 415
148 417
149 419
150 423
152 427
153 431
154 433
156 434
157 436
158 438
160 440
162 442
164 444
167 446
169 449
172 450
174 451
176 453
179 454
183 456
185 457
188 458
190 458
192 459
195 460
198 461
202 461
206 462
209 462
211 462
214 463
218 463
221 463
225 462
227 461
230 461
233 460
238 460
244 459
247 459
250 459
254 458
259 458
263 457
266 457
269 457
272 457
276 456
281 456
285 457
288 457
291 456
295 457
299 457
302 458
305 458
307 458
309 459
312 459
317 459
322 459
325 459
327 459
330 458
334 457
338 457
341 456
344 456
346 456
348 455
352 454
355 453
356 453
Color -16777216 Stroke 7
183 441
171 447
169 448
167 449
166 449
164 449
162 450
159 451
154 453
151 454
150 455
148 456
145 456
143 457
140 458
137 459
134 460
131 460
128 461
125 462
122 462
118 463
115 463
112 463
109 463
107 463
105 462
102 462
99 462
95 462
91 462
89 463
86 463
84 463
82 463
79 463
77 463
74 463
72 463
69 463
67 463
65 462
63 462
61 461
59 461
58 460
55 460
53 460
51 459
49 458
48 458
46 458
45 457
44 457
42 456
40 456
39 454
37 453
36 451
34 450
33 449
31 448
30 446
28 444
27 442
26 441
25 440
25 438
24 436
24 433
23 430
22 427
22 425
22 422
22 419
22 417
22 413
22 410
22 408
22 406
22 405
22 402
22 400
22 399
22 398
22 396
22 395
22 393
22 392
22 391
21 390
21 389
21 388
21 387
21 386
21 385
21 384
21 383
21 381
21 380
21 378
22 377
23 375
24 372
24 370
25 369
25 367
25 365
26 363
27 362
27 360
27 358
28 357
28 355
29 353
29 352
29 351
Color -16777216 Stroke 7
161 180
148 177
145 176
143 175
140 175
137 175
134 175
131 175
127 175
124 175
122 175
119 175
116 175
113 175
109 176
105 177
101 178
98 178
95 178
91 178
88 179
85 180
83 180
81 180
78 180
74 180
70 180
67 181
65 181
63 182
60 182
58 182
56 182
51 182
48 183
46 183
45 183
44 183
43 183
42 184
41 183
41 182
Color -16777216 Stroke 7
31 36
30 47
28 50
27 52
25 55
23 58
22 60
20 62
18 64
16 66
14 68
13 69
11 71
10 73
9 74
9 75
8 77
7 78
6 79
6 80
5 81
5 82
5 84
5 87
4 88
4 89
4 91
3 93
3 95
2 97
2 99
1 100
1 101
1 103
1 105
0 106
0 107
0 108
0 110
1 112
1 113
1 115
1 117
1 118
1 119
1 121
1 122
1 123
1 124
2 125
3 127
3 128
4 128
4 130
5 133
5 136
6 138
6 139
6 141
7 143
7 145
8 147
8 149
9 152
9 155
9 158
9 161
9 163
9 164
9 165
9 167
9 169
10 171
10 172
11 174
11 176
12 178
12 179
13 180
13 181
14 182
15 183
16 184
16 185
17 185
18 185
19 186
20 187
23 187
25 188
27 188
29 187
31 187
33 187
34 186
35 186
37 185
39 184
41 183
44 182
46 182
48 182
50 182
51 182
53 182
54 182
56 182
57 182
Color -16777216 Stroke 7
46 196
32 194
31 194
30 194
28 194
27 194
26 194
25 195
23 195
22 196
21 196
20 197
19 197
18 198
17 199
16 199
16 200
15 201
13 201
11 203
10 204
9 205
9 206
8 207
7 210
6 212
6 214
5 215
5 217
5 218
5 219
5 221
5 222
5 223
5 225
5 227
5 228
5 230
5 232
5 234
5 235
5 236
5 237
5 238
5 239
5 241
5 243
5 245
5 247
5 249
5 250
5 252
5 253
4 255
4 257
4 258
4 260
4 262
4 265
4 266
5 268
5 270
5 272
5 273
6 275
6 276
6 278
6 280
7 282
7 285
8 287
8 290
9 293
9 295
9 298
9 300
9 302
9 303
10 305
10 309
10 311
10 313
10 315
11 317
11 319
11 321
11 323
11 325
11 326
11 329
12 332
12 334
13 336
13 337
13 340
13 341
13 342
13 344
13 346
13 348
13 350
13 352
13 353
14 354
14 356
15 357
15 358
15 359
15 360
16 360
16 361
16 362
17 364
18 365
18 367
19 368
20 370
22 372
Color -16777216 Stroke 7
276 115
273 104
273 102
272 100
272 98
271 96
271 95
271 94
270 93
270 91
270 89
270 87
270 84
270 82
270 80
271 78
271 77
271 76
271 75
271 74
271 73
Color -16777216 Stroke 7
124 34
135 27
136 27
137 26
139 25
141 24
143 23
145 21
147 19
150 18
151 18
152 17
153 16
155 15
158 15
161 14
164 13
166 12
168 12
169 11
171 11
172 11
174 10
176 9
179 9
181 9
183 8
185 8
187 7
188 7
190 8
191 8
192 7
194 7
196 7
198 7
200 7
202 7
204 7
206 7
207 7
209 8
210 8
211 8
212 8
214 8
217 8
220 8
222 8
224 9
226 8
227 8
229 8
230 8
231 9
232 8
234 7
237 7
240 7
242 7
245 7
247 6
248 6
249 7
251 7
255 6
258 7
261 7
263 7
265 7
267 8
268 8
269 9
270 9
272 10
274 10
277 11
279 12
281 13
282 13
283 13
285 14
286 15
287 15
288 16
289 17
291 19
291 20
292 21
293 22
293 23
294 24
295 25
296 26
297 27
298 27
299 28
300 29
301 29
302 30
303 31
304 31
304 32
305 32
305 33
306 34
307 34
Color -16777216 Stroke 7
412 37
420 30
421 29
422 27
424 26
425 25
427 24
429 23
433 21
436 20
438 18
441 18
443 17
445 16
446 15
449 15
453 15
457 14
460 14
463 14
465 13
469 13
473 12
477 12
479 12
481 12
483 12
484 12
487 12
490 12
494 13
496 13
498 13
500 13
502 13
503 13
504 13
506 14
509 14
512 14
516 15
518 15
520 15
521 15
523 15
525 16
527 16
530 17
533 18
535 19
538 20
540 21
541 21
542 22
544 23
545 24
547 25
549 26
551 27
553 27
555 28
556 29
558 30
559 30
559 31
561 32
562 33
563 34
564 34
565 34
568 34
571 34
575 33
578 32
580 31
582 29
586 27
590 26
594 25
598 23
602 22
607 22
610 22
Color -16777216 Stroke 7
670 28
682 26
683 25
684 25
685 25
686 24
686 23
688 23
689 22
691 22
693 21
695 20
697 20
698 20
700 19
702 18
704 18
708 17
712 16
715 15
717 15
719 14
722 13
725 13
728 13
732 12
735 12
737 12
740 12
744 11
749 11
752 11
755 11
757 11
760 10
765 10
770 9
773 9
777 8
780 7
785 7
791 8
794 8
798 7
802 7
807 7
811 7
814 7
817 8
820 8
825 8
829 8
832 9
834 9
836 9
838 9
839 9
840 10
841 11
843 11
843 12
845 13
847 14
848 14
Color -16777216 Stroke 7
596 132
584 134
581 136
578 137
575 138
573 139
571 140
569 140
568 141
567 141
Color -16777216 Stroke 7
458 141
465 152
466 155
467 157
470 160
472 161
474 163
476 164
477 165
Color -16777216 Stroke 7
406 141
395 146
394 147
392 148
390 150
387 152
383 155
379 157
376 160
374 162
371 163
369 164
365 166
361 167
359 168
357 169
354 170
351 172
349 173
347 174
345 175
343 175
341 176
340 177
338 177
337 178
336 178
335 179
333 180
332 181
331 181
331 182
330 182
329 183
328 183
Color -16777216 Stroke 7
282 71
274 78
274 82
275 86
276 92
278 98
279 103
280 105
Color -16777216 Stroke 7
261 43
267 58
267 64
267 70
268 76
268 84
269 93
270 101
272 107
272 110
Color -16777216 Stroke 7
326 181
Color -16777216 Stroke 7
326 181
Color -16777216 Stroke 7
773 418
784 417
786 417
789 417
791 417
793 417
794 417
Color -16777216 Stroke 7
773 404
765 411
765 412
764 412
763 412
763 413
762 414
763 414
765 414
768 413
771 412
774 412
777 411
780 411
784 411
787 411
789 410
791 410
