Color -16737895 Stroke 12
97 354
99 353
102 351
103 350
106 349
107 348
110 345
113 343
115 342
116 340
119 337
121 335
123 332
126 329
130 327
133 325
136 321
140 319
145 316
147 313
150 312
155 308
158 305
161 305
164 302
166 301
170 297
174 294
178 293
181 289
188 286
193 282
199 278
206 273
214 270
222 266
231 261
238 256
245 252
254 249
262 244
272 240
282 235
291 232
302 228
313 225
323 222
333 219
342 215
353 212
363 211
374 208
382 206
391 202
397 202
405 201
411 201
417 201
425 201
431 201
439 201
444 201
452 201
459 201
466 201
474 201
481 201
490 201
498 201
510 201
519 201
526 201
535 201
546 201
555 201
564 201
575 201
586 201
596 201
607 201
616 201
627 201
638 201
648 201
659 201
669 201
680 201
687 201
695 201
702 201
708 201
715 201
720 201
724 201
729 201
734 203
738 204
744 206
749 206
753 207
759 207
763 208
769 209
774 210
777 210
782 211
785 213
791 214
794 215
796 216
798 218
804 221
809 225
812 229
814 233
818 239
821 247
824 251
825 257
827 263
827 268
828 275
830 281
830 287
830 292
830 300
830 305
830 310
830 317
830 324
830 329
830 335
829 340
826 346
825 350
822 356
816 359
812 361
810 363
803 364
798 366
793 367
786 367
782 368
775 369
768 371
761 371
753 373
742 373
732 373
720 373
709 373
698 374
689 375
683 375
677 375
669 375
663 375
657 375
650 375
640 374
632 371
623 366
611 360
600 354
585 347
568 339
541 326
518 315
490 303
473 298
460 291
451 287
442 283
439 281
434 278
430 276
426 273
420 270
418 268
412 261
403 255
396 251
386 243
375 237
367 233
358 227
344 217
333 209
320 202
309 195
296 189
285 182
274 175
262 169
249 165
240 161
229 156
218 153
207 151
197 149
188 147
178 144
170 144
162 143
157 143
152 143
147 143
140 143
136 143
128 143
124 143
115 147
112 147
105 149
100 151
95 153
90 156
85 159
81 163
77 166
73 171
69 175
66 178
61 183
59 187
51 193
49 199
46 205
44 209
39 217
37 220
36 226
34 231
34 236
34 242
34 249
34 253
34 261
37 268
39 274
41 280
42 286
46 294
47 301
50 309
55 315
60 324
62 330
71 339
75 343
83 352
86 358
91 365
93 369
98 374
102 377
108 380
113 385
119 388
126 392
133 398
140 401
149 404
159 407
167 408
176 410
186 411
192 411
203 411
218 411
231 411
249 411
264 411
284 411
300 411
319 411
334 411
353 408
369 405
384 397
395 393
408 386
419 379
436 371
449 364
465 353
480 342
496 331
511 319
523 306
537 291
547 279
557 265
565 254
573 241
582 225
591 209
598 198
608 184
615 173
624 163
629 155
635 145
640 137
644 129
645 127
650 120
653 114
656 110
659 106
663 102
668 101
671 98
678 96
685 93
691 92
698 92
703 90
711 90
717 90
726 90
731 90
740 91
746 93
753 96
759 100
763 103
771 107
778 111
786 117
794 121
802 127
807 131
816 139
818 141
821 147
823 153
825 157
827 164
830 173
831 181
833 190
834 197
834 205
835 215
835 227
836 239
836 251
836 264
836 277
836 286
836 298
836 309
836 321
836 331
836 341
836 346
834 353
830 361
825 364
819 370
812 374
802 376
793 378
786 379
775 380
762 381
749 381
735 381
721 381
708 381
694 381
681 381
664 379
651 375
635 370
620 364
600 356
584 346
561 335
541 327
520 316
499 304
482 293
461 279
441 266
422 253
406 242
391 228
374 216
358 200
342 182
326 165
310 149
298 138
285 125
276 116
266 107
258 100
251 94
244 87
239 83
232 76
228 73
223 68
217 64
215 61
212 60
209 59
207 58
205 56
204 56
203 56
202 56
199 56
198 56
196 56
194 56
192 56
190 56
189 56
186 56
184 56
182 56
181 56
180 56
177 56
175 56
174 56
172 56
171 56
169 57
168 57
167 57
166 57
165 57
163 58
162 58
