Color -16724788 Stroke 12
118 60
117 60
115 60
113 61
111 62
108 64
106 65
103 66
101 68
97 70
93 72
91 73
90 74
87 76
84 79
82 81
81 83
78 87
77 91
75 96
74 100
73 104
73 110
72 112
70 118
70 122
69 127
68 132
68 134
68 138
68 141
68 145
68 147
68 151
68 154
68 158
68 161
68 166
68 168
69 173
70 177
71 184
73 186
73 190
73 192
74 198
76 200
77 203
78 205
80 208
83 213
83 214
86 219
87 220
89 223
91 227
93 229
96 234
98 235
100 237
102 240
104 241
106 243
107 244
109 246
112 249
114 250
116 254
118 255
121 259
126 263
128 265
130 267
132 270
135 273
137 274
138 277
140 278
140 279
140 280
140 282
140 283
140 284
140 285
140 286
140 288
140 290
141 292
141 295
141 297
141 299
141 301
141 302
141 303
141 305
140 307
140 308
139 308
139 310
137 310
137 311
136 312
135 312
134 313
133 313
132 313
130 313
127 313
125 313
122 314
119 314
115 315
114 315
113 315
113 316
111 317
110 318
110 319
108 320
106 321
106 322
104 324
103 324
102 326
101 327
100 328
98 331
96 334
96 335
94 337
94 339
91 341
91 343
90 345
89 348
89 351
87 354
86 356
86 358
86 360
85 361
84 364
84 365
84 367
83 370
82 372
82 374
82 377
80 379
80 382
79 385
79 387
79 390
79 391
79 393
79 396
79 397
79 398
79 401
79 402
79 404
79 405
79 408
80 410
81 413
82 414
83 416
84 418
84 419
85 420
86 422
88 423
88 424
89 424
91 426
93 428
95 428
99 429
102 430
106 430
110 431
114 432
120 432
124 434
127 434
133 435
138 435
144 436
149 438
155 440
160 442
167 444
171 446
174 446
180 447
184 447
188 448
191 448
195 448
200 448
202 448
208 448
213 451
218 451
223 453
229 454
233 455
240 455
243 457
248 458
252 459
259 460
265 461
270 462
277 463
285 464
292 465
302 468
309 468
314 468
321 469
327 470
331 471
336 471
340 471
345 473
352 473
357 474
361 474
368 474
374 474
380 474
386 474
390 474
395 474
402 474
408 473
411 472
416 471
420 470
424 470
428 468
433 467
436 466
438 466
443 464
445 464
449 463
452 463
458 461
461 461
463 460
466 460
470 458
474 458
476 458
479 458
484 457
486 457
489 457
494 456
497 456
500 456
504 455
508 453
512 452
515 452
518 452
521 451
525 450
529 450
532 450
536 449
540 449
545 449
548 449
552 449
554 449
558 449
562 449
567 449
569 449
573 449
580 448
586 447
588 447
592 447
596 447
599 447
602 447
605 447
610 447
613 447
616 447
621 447
627 447
630 447
634 447
640 447
646 447
652 447
655 447
663 447
667 447
671 447
676 447
682 447
685 447
690 446
693 445
700 444
704 443
711 441
717 439
724 436
733 434
740 431
750 425
759 420
769 414
778 408
791 400
800 390
809 381
815 373
823 363
829 355
834 346
836 335
837 328
840 320
840 311
840 304
840 297
841 290
841 285
841 280
841 273
841 266
841 259
841 255
841 251
841 242
841 234
841 230
841 223
839 216
837 210
835 204
835 202
832 196
832 192
830 188
827 182
823 175
819 170
816 164
813 161
811 156
807 152
804 148
799 144
790 139
786 136
778 130
769 126
759 121
746 116
735 111
727 107
715 104
701 98
686 94
678 91
667 88
655 84
641 81
626 77
610 74
597 72
580 68
562 66
545 65
527 63
510 62
497 60
483 60
470 59
458 59
446 58
437 58
426 58
417 58
408 58
397 58
388 58
378 58
369 58
358 58
348 58
338 58
329 58
320 58
310 58
300 58
290 58
280 58
271 58
260 58
248 58
239 58
231 58
224 58
216 58
211 58
206 58
199 58
195 58
191 58
188 58
184 58
180 58
177 58
173 58
170 58
168 58
165 58
162 58
158 58
155 58
153 58
151 58
148 58
146 58
144 58
142 58
141 58
139 58
138 58
136 58
135 58
134 58
133 58
132 58
131 58
130 58
128 58
126 59
124 59
122 60
121 60
120 60
119 60
