Color -16777216 Stroke 2
283 127
276 126
273 126
281 126
310 130
370 134
437 134
505 134
570 134
618 134
648 134
655 134
652 134
637 134
597 139
521 139
434 148
330 164
249 185
191 208
156 230
144 251
141 265
142 282
159 306
198 327
244 337
307 343
372 343
429 343
475 343
499 343
501 343
500 343
489 344
454 350
389 366
316 388
259 404
246 413
245 416
246 424
256 428
293 433
371 435
479 435
579 432
661 421
709 411
717 407
717 405
711 396
694 389
637 368
567 349
487 334
404 319
330 312
316 312
315 312
315 314
321 318
337 326
395 349
459 365
510 375
538 377
548 377
546 377
534 377
495 371
444 362
391 354
336 350
285 350
257 350
249 355
248 355
248 358
248 367
254 380
263 396
267 401
268 403
Color -16776961 Stroke 2
730 130
740 112
747 99
751 92
751 90
751 88
751 87
747 87
741 89
731 94
720 99
696 112
661 130
622 151
574 179
528 207
487 236
455 258
437 272
431 277
431 279
431 280
435 280
453 280
495 275
552 257
606 243
640 236
659 231
673 228
678 227
683 227
684 227
684 226
675 229
631 239
543 257
434 275
314 289
210 305
135 317
100 328
99 329
99 332
104 335
126 335
221 335
344 335
490 334
652 327
783 310
884 292
937 282
939 280
933 272
920 260
864 234
759 204
633 178
499 157
364 150
261 146
201 151
188 156
188 162
190 172
200 180
235 189
305 201
395 212
484 217
560 216
610 208
643 199
651 195
651 189
643 183
619 173
561 163
489 152
405 150
302 148
210 153
140 168
102 183
100 190
100 199
110 208
146 224
227 244
328 259
423 266
504 266
566 265
577 263
578 261
571 254
541 238
473 213
381 191
274 168
165 154
78 150
24 150
21 151
21 153
25 162
47 171
118 194
211 210
318 226
413 232
478 232
492 232
487 226
463 216
403 200
318 182
229 163
133 147
46 140
11 140
10 140
9 140
13 145
22 150
60 161
126 172
206 180
282 182
355 182
414 182
449 182
456 182
457 182
455 182
444 182
402 173
320 162
222 151
129 147
61 150
26 158
12 169
9 176
8 184
15 194
48 203
107 211
191 215
285 215
380 215
472 214
529 210
551 204
555 204
555 202
549 199
522 194
465 192
389 190
323 193
259 207
207 225
168 242
149 254
148 256
147 259
147 261
148 262
155 263
160 265
172 265
191 265
209 262
219 262
229 261
233 261
236 261
237 261
238 262
238 266
238 270
240 275
241 278
242 282
245 284
246 286
250 289
253 290
257 291
260 292
261 292
264 292
265 292
Color -16776961 Stroke 2
245 189
244 189
243 189
240 189
234 189
225 187
211 181
199 180
176 178
140 174
117 171
104 171
101 171
100 171
102 172
112 173
128 173
155 173
188 175
210 175
223 175
233 175
239 175
240 175
241 175
242 175
241 175
234 175
225 175
205 175
158 173
82 167
0 163
-23 156
-23 148
-23 143
-23 141
-23 140
-23 139
-22 139
-14 135
-6 133
14 126
47 123
86 121
125 117
167 110
212 104
260 104
304 104
342 104
377 104
402 104
422 105
434 107
439 109
441 110
441 111
439 113
429 114
417 115
391 116
339 116
290 116
239 116
190 116
147 116
114 116
94 115
87 114
88 112
95 111
111 108
150 104
215 104
285 104
355 104
428 105
488 109
540 111
577 117
603 121
614 123
615 124
610 128
592 131
558 138
501 140
433 140
363 140
295 137
249 137
221 137
219 137
226 137
239 136
266 133
304 133
355 133
396 133
431 133
458 133
475 133
481 135
481 137
477 138
463 144
425 151
379 153
333 153
290 153
254 153
240 154
229 154
228 154
228 155
229 155
237 155
248 152
271 151
317 151
368 151
414 151
452 151
471 151
486 151
488 151
489 151
489 152
481 157
473 158
450 159
412 159
369 159
328 159
306 165
295 168
297 169
309 170
343 170
387 172
432 178
468 181
496 184
516 190
526 193
527 193
527 194
519 198
507 199
481 199
440 203
401 204
378 207
371 209
368 209
368 210
368 212
379 218
389 220
420 228
465 235
509 241
544 246
569 249
581 250
582 250
581 250
574 250
563 250
550 250
534 250
523 250
520 251
519 251
519 253
529 255
538 257
557 260
595 269
639 274
670 278
690 279
701 279
694 279
676 279
641 279
603 279
582 283
570 286
560 290
554 291
550 294
547 295
549 295
552 295
559 292
565 291
570 289
574 288
576 288
576 287
575 287
574 287
572 287
569 287
567 287
565 287
564 287
560 287
558 288
556 288
554 289
553 290
552 290
550 291
549 291
548 291
547 291
547 290
551 289
554 288
555 288
557 284
560 284
564 282
567 282
570 280
574 279
580 277
584 277
588 277
593 276
595 276
598 275
599 275
601 275
605 274
608 274
614 271
622 270
633 267
644 264
655 263
664 261
678 257
692 252
712 246
727 239
739 234
750 230
760 226
768 223
774 223
781 223
783 223
780 225
772 230
759 240
730 253
705 263
678 269
641 276
598 283
559 291
538 293
520 296
508 300
507 300
506 300
514 295
525 291
565 281
631 271
695 263
743 253
780 244
793 238
796 237
796 236
793 235
773 235
746 235
700 235
646 235
589 235
545 236
513 243
506 246
505 248
505 250
505 251
505 253
514 256
524 256
537 256
554 256
575 256
599 254
612 251
616 250
617 249
617 248
611 244
603 240
584 238
543 238
487 238
451 238
438 238
435 239
435 242
435 246
441 255
450 263
461 264
471 264
479 264
491 264
497 264
497 262
497 260
497 255
490 244
475 238
447 233
406 233
381 234
376 237
375 242
375 247
380 257
390 269
410 284
431 298
445 301
457 302
460 302
462 302
463 302
462 298
458 296
457 296
450 291
446 288
