Color -65434 Stroke 4
121 157
118 214
117 228
114 242
112 251
110 260
108 266
107 269
106 271
106 273
106 274
106 275
106 273
106 270
107 264
108 259
109 255
110 249
111 245
113 240
114 236
116 233
118 230
119 228
122 226
124 224
127 223
130 223
133 224
137 226
140 227
145 229
150 231
154 231
159 230
167 229
174 227
180 223
186 220
192 216
197 212
200 207
204 201
207 196
210 190
212 185
214 182
215 175
217 168
217 164
217 163
217 162
217 161
216 161
216 160
215 158
213 159
210 163
207 171
203 182
199 193
195 203
191 215
187 228
185 242
184 253
183 260
183 270
183 278
184 282
186 284
188 285
192 286
194 286
Color -65434 Stroke 4
247 251
244 262
244 264
244 266
244 267
244 269
245 270
246 269
250 265
253 261
255 260
Color -65434 Stroke 4
246 206
Color -65434 Stroke 4
246 206
Color -65434 Stroke 4
424 165
420 181
419 191
418 201
416 214
414 227
411 239
408 253
405 266
404 275
403 283
403 289
403 292
403 294
403 295
Color -65434 Stroke 4
424 165
438 164
444 164
449 164
456 164
462 164
469 164
476 165
481 165
486 165
493 165
499 165
503 166
505 166
507 166
509 166
509 167
Color -65434 Stroke 4
429 229
442 230
447 230
452 230
456 229
462 229
467 229
470 229
472 228
473 228
474 228
475 229
475 230
471 235
466 242
462 247
462 248
Color -65434 Stroke 4
422 289
428 300
431 301
435 302
440 302
444 301
449 300
456 299
463 297
469 295
475 293
481 291
486 290
489 289
Color -65434 Stroke 4
522 258
519 271
519 274
518 278
517 283
516 287
515 290
515 292
514 294
514 296
514 297
514 298
514 297
515 295
516 292
517 288
520 283
523 277
526 273
528 269
530 266
533 263
535 261
536 260
538 259
540 259
541 260
543 261
546 265
548 269
549 272
551 276
552 280
553 282
554 285
554 287
555 288
556 289
557 290
558 290
559 290
561 289
564 288
566 285
569 282
572 278
574 276
577 273
580 270
583 267
587 264
589 263
590 262
592 262
594 262
595 263
596 264
598 268
600 273
601 278
602 286
603 293
603 298
604 301
606 304
607 306
609 307
610 308
612 309
615 310
616 310
Color -65434 Stroke 4
653 278
655 289
655 292
655 294
655 296
655 299
655 300
655 301
656 300
657 299
Color -65434 Stroke 4
659 237
Color -65434 Stroke 4
659 237
Color -65434 Stroke 4
714 270
723 263
727 259
729 255
732 251
736 244
742 236
747 231
749 226
751 221
754 217
756 212
759 207
761 202
763 198
764 195
765 192
766 190
766 189
765 188
763 188
761 189
758 193
754 199
749 207
745 215
740 227
736 240
734 252
731 264
729 273
728 283
726 292
726 299
727 306
729 312
730 316
732 318
735 319
741 319
745 317
749 316
752 315
Color -65434 Stroke 4
793 276
793 290
793 294
793 297
793 300
793 303
793 306
793 308
794 309
799 309
804 308
808 303
814 298
819 294
823 290
826 287
829 283
831 279
833 277
834 275
835 273
836 273
835 275
834 278
834 283
833 291
833 297
833 303
834 311
837 321
840 331
842 336
846 342
848 348
849 354
850 359
850 365
851 369
850 374
849 378
845 382
840 387
835 390
828 393
822 394
818 394
814 394
808 392
804 391
801 388
798 385
797 383
804 368
811 354
Color -65434 Stroke 4
210 366
213 382
214 390
213 399
213 408
212 416
211 425
210 435
209 444
209 448
208 452
207 455
207 456
206 457
206 456
206 455
206 453
205 448
204 442
204 439
204 435
204 431
204 429
204 427
204 426
206 424
208 424
211 423
215 423
220 424
226 424
232 424
237 423
242 422
248 421
254 418
260 415
267 412
273 408
280 404
286 399
291 394
293 391
295 388
297 385
297 383
298 382
298 381
297 381
293 381
290 383
286 385
283 389
280 393
278 398
276 404
274 410
273 416
273 422
274 430
275 436
276 439
277 441
278 442
279 442
Color -65434 Stroke 4
312 421
314 432
315 435
317 437
318 438
318 439
319 440
320 441
322 441
324 442
325 441
327 441
329 439
331 437
333 435
334 432
336 429
337 426
338 423
338 420
338 418
337 416
336 414
336 413
335 412
333 412
331 412
328 413
325 417
322 421
320 424
319 427
318 431
318 435
318 437
319 438
Color -65434 Stroke 4
371 404
370 418
370 422
370 424
371 428
371 430
372 431
373 432
373 433
375 433
376 433
378 432
379 430
380 429
381 428
382 426
384 424
385 424
385 423
385 422
386 422
387 422
387 424
389 428
389 430
390 434
392 437
392 439
393 440
394 440
395 441
396 441
399 441
404 438
408 435
411 432
414 429
416 426
418 424
420 420
421 416
422 412
423 410
424 407
424 404
424 401
423 398
423 396
422 394
421 392
420 391
418 391
416 391
414 391
411 391
408 392
406 393
404 394
403 395
403 396
404 396
406 396
409 396
413 396
418 394
422 393
427 391
430 390
434 388
435 387
Color -65434 Stroke 4
491 390
490 403
490 406
491 410
492 414
493 416
494 418
495 420
498 422
500 424
502 425
505 426
508 425
510 425
512 424
514 422
516 420
519 418
521 415
524 412
525 410
526 408
527 407
528 405
528 404
528 403
527 404
526 406
525 409
524 413
524 418
524 422
525 426
526 431
526 436
527 440
528 444
528 450
527 456
526 460
525 464
523 468
521 471
519 474
518 476
516 478
514 478
512 479
510 478
507 475
505 472
503 469
502 465
502 462
502 457
505 452
507 448
510 444
513 441
519 437
524 433
528 430
532 428
533 428
Color -65434 Stroke 4
560 406
558 417
557 420
557 423
557 426
558 427
559 429
560 430
561 431
562 431
564 430
567 428
569 427
571 425
572 423
575 418
577 413
578 410
579 408
580 405
580 403
580 400
580 398
580 396
579 395
579 394
578 394
577 395
575 396
571 399
568 401
565 406
562 411
560 414
559 417
559 419
559 421
560 423
561 424
563 425
566 425
569 424
571 422
574 419
576 416
579 412
582 410
584 408
585 407
586 406
587 406
587 407
586 410
585 414
584 417
584 422
585 426
585 430
586 433
588 436
590 438
591 440
592 441
593 442
Color -65434 Stroke 4
675 363
672 374
672 379
673 385
673 391
674 396
674 403
674 409
675 413
676 419
677 424
678 429
678 431
679 433
679 435
679 437
678 438
677 439
676 439
672 438
668 437
664 435
661 433
659 431
656 428
654 425
651 422
650 419
648 415
647 412
647 410
648 407
649 404
651 402
653 400
655 398
659 397
664 396
667 396
670 395
673 394
675 394
Color -65434 Stroke 4
700 424
706 433
708 435
710 436
713 437
715 438
717 438
720 437
723 436
725 435
728 433
729 431
730 428
731 426
730 424
728 419
725 415
723 412
721 410
718 409
714 407
711 407
707 408
703 407
700 408
696 410
693 414
690 416
689 418
689 420
689 422
690 423
691 424
691 425
Color -65434 Stroke 4
742 410
742 422
744 424
745 426
747 428
748 430
749 431
750 431
750 432
750 431
751 431
Color -65434 Stroke 4
738 382
Color -65434 Stroke 4
738 382
Color -65434 Stroke 4
763 410
770 419
769 421
769 422
769 424
769 425
769 426
770 424
770 422
771 419
772 416
772 412
773 410
773 408
773 405
773 403
773 400
773 397
775 396
776 395
777 396
778 397
780 399
782 400
783 401
786 405
788 409
789 411
790 414
791 416
792 418
792 420
792 421
793 422
794 423
Color -65434 Stroke 4
810 406
812 417
813 419
814 419
815 420
816 420
817 421
818 421
820 421
823 420
825 419
827 417
828 415
829 413
830 410
830 408
831 405
831 403
831 401
830 398
829 396
828 395
827 394
825 393
822 393
819 394
817 396
816 397
815 399
814 403
813 407
813 410
813 414
814 417
815 420
817 425
822 430
825 433
827 435
829 438
832 439
835 441
840 442
843 442
845 442
847 443
849 444
852 445
854 446
855 446
856 447
857 448
857 449
856 451
855 455
854 458
853 460
852 462
850 463
847 465
844 465
841 466
837 467
833 469
828 470
823 470
820 469
817 468
813 467
810 465
808 463
808 460
809 455
810 449
813 442
820 433
827 427
833 420
841 413
845 410
846 409
