Color -16777216 Stroke 50
501 272
512 268
523 262
533 257
542 254
553 250
563 246
569 244
578 242
588 239
596 237
602 234
605 233
607 232
608 232
609 232
609 235
609 237
608 242
606 246
605 250
605 257
602 263
601 270
600 272
595 281
592 288
588 299
580 313
572 331
564 347
554 361
547 374
539 385
531 393
522 399
512 402
504 403
493 403
482 403
468 403
454 403
439 401
418 397
393 389
374 383
349 376
327 368
307 360
285 346
269 336
255 326
245 317
244 316
244 312
244 309
250 304
258 301
273 298
303 292
340 285
380 277
416 272
453 267
483 260
508 257
526 255
539 255
551 254
562 254
570 254
572 254
575 254
570 254
556 255
536 259
506 260
478 262
453 263
438 264
436 266
435 266
435 267
439 272
450 276
474 281
516 291
567 301
615 312
664 324
710 337
751 350
783 361
809 372
816 376
817 376
815 379
803 379
769 379
703 373
618 363
528 347
426 327
330 307
247 289
187 275
164 270
162 269
163 269
174 269
209 274
281 289
367 309
455 326
536 346
603 363
657 375
692 383
700 385
695 385
682 385
648 385
587 375
514 358
437 343
360 330
285 315
226 305
192 298
180 296
181 296
197 297
256 307
333 320
413 335
488 348
557 360
610 370
640 377
645 378
639 378
615 378
569 378
511 371
447 362
381 352
320 342
270 334
235 327
234 327
233 326
236 326
247 326
277 326
335 333
393 341
449 351
494 358
529 365
543 370
543 371
538 372
511 372
468 372
419 369
368 360
320 352
285 343
262 339
260 339
260 338
264 338
277 338
312 340
372 346
447 361
514 374
575 386
618 395
645 402
647 403
645 405
632 405
600 405
542 402
479 394
415 381
356 369
313 358
275 347
250 339
244 337
243 337
249 337
273 337
319 337
373 337
442 340
502 346
568 354
631 360
683 362
732 362
781 362
824 362
861 358
896 349
926 339
956 331
986 321
1019 310
1057 298
1100 286
1143 277
1188 268
1220 261
1247 256
1249 253
1249 252
1248 252
1240 252
1206 252
1138 250
1049 248
956 244
853 232
747 221
635 207
523 191
417 182
322 173
237 167
175 167
132 167
124 167
123 167
127 170
159 180
239 200
344 225
472 251
617 277
761 301
903 327
1037 352
1163 376
1249 401
1249 420
1249 432
1249 435
1241 439
1205 440
1124 440
1016 434
877 416
732 387
582 356
430 327
285 297
159 269
65 248
14 235
5 233
13 233
52 235
118 243
208 258
313 279
425 300
538 322
639 343
725 360
784 377
811 385
816 387
807 387
775 387
699 382
597 366
477 343
341 317
206 286
69 253
-49 223
-116 206
-116 196
-116 195
-112 194
-78 194
1 199
121 220
260 246
413 270
581 301
745 330
887 360
1005 388
1083 412
1106 421
1107 423
1099 425
1077 425
1003 419
891 401
752 373
599 334
429 288
268 245
120 202
1 162
-75 136
-109 120
-110 119
-106 117
-85 116
-28 116
56 123
157 137
264 155
374 176
478 194
572 214
647 229
689 236
699 238
698 238
687 238
669 238
600 229
490 208
367 185
236 157
96 124
-38 96
-116 70
-116 50
-116 35
-115 35
-102 35
-54 40
42 56
168 79
318 110
471 141
629 170
774 198
894 226
989 251
1037 266
1039 267
1026 267
978 265
892 247
777 222
645 191
500 153
349 110
207 75
83 40
-9 15
-60 -1
-63 -3
-62 -3
-52 -3
-10 -3
75 8
179 26
295 52
413 77
533 100
640 123
729 143
791 160
820 168
821 168
819 168
804 168
738 167
643 154
519 128
372 98
216 62
58 23
-82 -8
-116 -33
-116 -53
-116 -62
-115 -62
-97 -62
-31 -55
68 -35
188 -12
322 17
465 50
602 83
728 116
833 148
907 176
948 193
950 194
948 195
935 196
894 196
809 186
702 166
579 143
448 114
322 89
212 61
128 39
74 23
66 20
65 20
72 20
107 27
171 39
254 57
345 79
426 105
505 129
565 150
599 166
602 169
601 173
591 175
558 175
496 175
398 170
284 151
158 128
32 105
-83 84
-116 64
-116 51
-116 43
-116 42
-109 45
-89 53
-44 71
13 89
69 105
118 119
163 128
201 135
229 140
244 141
253 141
254 141
248 141
240 143
229 147
219 151
207 154
190 158
162 166
133 173
105 182
77 194
54 205
33 217
19 225
9 233
2 241
-5 247
-7 253
-7 256
-7 257
-7 258
-5 258
1 258
10 251
23 238
36 227
49 212
62 199
72 191
85 176
103 151
120 131
133 114
136 108
137 107
130 115
120 125
104 138
74 161
41 185
5 209
-25 232
-47 250
-66 261
-76 267
-77 267
-71 267
-65 267
-51 266
-24 260
20 247
57 236
94 222
122 208
143 196
157 188
166 181
168 178
168 177
167 177
161 184
151 196
138 211
125 224
118 232
104 247
89 262
74 279
59 293
48 305
46 309
41 316
41 322
40 327
40 331
40 334
40 337
42 340
47 345
56 350
63 353
84 360
119 369
183 379
260 390
359 403
459 412
568 426
670 442
752 450
812 456
828 460
829 460
822 460
774 455
678 442
550 419
399 388
241 356
75 323
-86 292
-116 261
-116 237
-116 220
-116 218
-116 217
-103 219
-52 232
55 253
192 281
355 317
540 356
723 395
895 434
1037 467
1155 493
1233 514
1249 518
1246 518
1226 518
1160 511
1061 495
938 469
804 441
654 413
514 384
399 359
311 341
263 334
256 333
266 338
297 348
362 366
438 390
511 414
578 433
630 449
666 461
681 467
681 468
682 469
678 470
667 470
643 470
604 472
550 472
493 471
436 467
Color -16777216 Stroke 100
835 394
828 394
816 398
805 399
782 402
748 407
706 412
659 416
596 420
525 426
449 430
376 435
294 443
227 452
167 460
116 467
80 473
59 477
49 479
48 480
50 483
52 485
55 487
61 493
67 494
77 499
94 504
126 511
182 518
245 527
314 537
391 546
460 552
523 558
572 562
598 565
602 565
595 565
561 565
485 564
392 553
281 539
164 525
38 509
-84 490
-116 470
-116 452
-116 436
-116 426
-116 423
-114 423
-93 423
-22 426
79 437
202 451
332 468
468 482
593 495
702 507
803 518
879 522
936 524
969 524
982 524
983 524
984 524
984 523
977 515
969 512
958 510
940 505
911 498
882 492
847 487
813 481
776 474
739 469
708 466
680 463
657 460
642 459
636 459
634 459
635 459
644 459
666 459
710 457
769 457
832 457
896 457
967 457
1029 457
1083 455
1125 453
1144 452
1150 450
1151 449
1139 449
1104 446
1023 440
924 429
823 413
714 399
607 383
514 366
431 350
370 338
333 333
327 332
327 331
337 331
387 331
474 331
582 339
699 348
821 358
941 369
1050 381
1145 389
1214 400
1249 405
1249 406
1242 406
1206 406
1140 403
1055 390
962 377
863 359
767 341
681 321
611 304
574 295
568 293
572 293
588 293
629 293
686 293
754 296
828 302
902 311
978 317
1039 323
1096 327
1145 329
1175 329
1182 329
1179 329
1158 327
1110 320
1033 307
940 291
844 276
748 260
663 247
596 234
554 227
545 225
548 225
559 225
581 225
631 230
687 238
748 248
806 258
862 270
905 277
936 282
955 286
961 288
957 288
949 288
927 288
870 288
803 288
732 285
658 277
584 268
518 260
460 254
413 248
382 245
365 245
353 245
350 247
347 248
341 252
334 255
324 261
313 265
304 267
289 271
263 276
232 279
195 282
144 284
90 284
25 284
-43 284
-105 284
-116 288
-116 293
-116 297
-116 301
-116 304
-116 307
-114 314
-109 318
-98 321
-83 324
-58 325
-33 327
-11 327
14 327
38 327
63 328
92 331
118 334
141 337
159 340
164 342
165 342
160 342
148 342
126 342
96 342
69 342
36 342
9 342
-21 342
-43 342
-56 342
-60 342
-62 342
-62 343
-61 343
-60 344
-61 346
-62 349
-63 353
-65 358
-66 362
-66 364
-66 367
-66 368
-62 368
-57 368
-50 365
-41 359
-32 350
-22 340
-15 327
-11 317
-3 301
4 276
11 249
17 220
24 191
27 168
32 146
36 130
40 116
42 104
45 97
45 92
45 89
45 87
46 87
49 89
58 90
66 93
75 94
87 95
112 95
148 99
192 102
233 104
277 108
321 109
362 109
403 111
439 113
471 113
493 113
510 113
524 113
531 113
537 113
541 112
546 109
554 108
563 107
571 107
585 106
602 104
625 101
654 96
682 93
716 86
748 81
780 73
817 65
847 57
880 49
910 39
940 28
965 21
988 10
1011 1
1031 -8
1056 -16
1080 -22
1102 -27
1120 -30
1133 -33
1145 -37
1147 -37
1148 -37
1148 -36
1144 -36
1137 -34
1126 -29
1107 -27
1076 -23
1029 -22
969 -20
902 -20
826 -20
751 -20
680 -20
613 -20
551 -20
494 -20
445 -20
415 -20
393 -20
379 -20
378 -20
377 -18
377 -17
382 -13
393 -10
423 -3
468 5
523 13
569 22
619 30
664 40
705 51
737 57
760 62
774 64
779 66
782 67
779 67
769 67
753 67
726 67
684 64
638 60
588 56
533 51
488 43
454 38
433 35
430 35
432 35
442 35
456 35
487 37
531 39
588 43
649 51
712 55
772 59
827 65
871 69
904 69
917 69
923 69
921 69
914 68
907 68
893 67
870 66
837 64
798 60
751 57
704 53
666 51
635 48
616 48
609 48
619 52
632 54
661 60
711 68
775 80
838 88
897 96
947 104
984 113
1009 119
1016 121
1018 122
1018 123
1014 126
1003 129
994 130
979 132
959 135
933 138
910 141
887 144
866 147
853 149
846 150
844 151
846 151
852 151
860 151
871 151
879 151
896 153
921 154
947 158
966 158
979 158
985 158
978 158
971 158
955 158
930 158
903 158
873 158
843 158
810 155
786 151
770 147
763 144
762 143
762 142
763 141
767 139
773 135
783 131
785 127
794 121
808 110
819 102
825 94
837 84
852 68
866 53
876 43
884 33
889 25
892 20
893 17
894 16
890 16
879 16
870 16
861 16
846 16
825 19
791 24
752 28
705 33
650 39
598 43
542 51
492 59
449 68
414 79
389 88
370 100
356 108
346 115
339 122
335 130
334 133
333 136
332 138
332 141
332 142
332 144
332 146
332 147
332 148
332 149
332 150
332 151
332 153
332 156
328 160
323 167
319 172
Color -1 Stroke 40
427 69
425 69
423 69
422 69
421 70
419 70
418 70
417 72
415 72
414 72
411 73
411 74
409 75
406 77
405 77
403 79
400 79
397 83
392 86
391 87
387 90
385 91
383 94
379 97
378 99
375 101
374 103
370 107
367 111
366 112
365 114
363 116
360 121
358 123
356 128
355 132
353 135
351 139
349 145
347 152
346 155
345 160
343 165
343 169
342 172
341 178
341 183
340 189
340 194
340 202
340 209
340 213
344 223
347 229
350 238
351 242
356 249
360 255
363 259
367 263
370 267
373 271
378 273
381 276
386 280
392 283
397 287
403 290
410 290
415 292
421 293
431 297
436 297
444 298
449 298
455 298
462 299
468 299
473 299
479 299
484 299
489 299
494 299
498 299
504 296
508 295
514 291
518 287
524 285
527 284
532 282
538 277
541 275
546 270
549 268
554 263
558 260
563 256
565 253
569 249
572 243
574 241
577 234
579 231
580 226
583 220
585 215
586 211
587 207
588 202
589 196
589 190
589 184
589 177
589 170
589 165
588 162
585 154
581 151
578 145
575 139
573 136
570 132
566 127
563 124
560 120
558 118
556 116
553 113
551 111
548 108
545 106
540 102
534 100
530 96
525 94
521 94
517 92
512 89
507 87
503 85
499 85
496 84
492 84
490 82
485 82
483 82
478 82
475 82
472 82
468 82
462 82
459 82
455 82
450 82
448 82
444 82
442 82
439 83
437 83
435 83
434 84
433 84
432 85
Color -1 Stroke 40
407 181
Color -1 Stroke 40
407 181
Color -1 Stroke 40
505 168
Color -1 Stroke 40
505 168
Color -1 Stroke 40
440 237
441 237
442 238
443 238
444 238
445 239
445 240
447 240
449 241
450 241
451 241
452 241
453 242
454 242
456 242
459 242
461 242
462 242
463 242
464 242
465 242
466 242
467 242
468 242
470 242
472 242
473 242
474 242
475 242
476 242
477 242
478 242
479 242
480 242
481 242
482 241
483 241
484 240
485 239
