Color -16777063 Stroke 100
765 239
763 239
753 239
700 234
588 216
452 194
342 167
206 155
74 153
-26 153
-75 153
-100 160
-107 164
-108 164
-108 167
-107 171
-97 177
-85 179
-56 179
-5 179
62 179
138 179
208 179
265 179
322 179
365 179
402 184
437 191
465 194
475 197
479 199
480 199
482 201
482 203
473 205
453 208
394 216
316 220
215 225
96 234
-39 241
-116 241
-116 237
-116 233
-116 229
-112 225
-81 216
-9 203
90 180
208 157
345 134
489 113
627 94
747 78
840 67
903 60
942 57
956 57
959 57
959 59
955 64
941 72
926 73
885 79
807 81
710 81
604 81
472 81
346 81
230 81
146 81
103 81
101 82
109 82
141 82
214 82
306 82
425 82
544 74
663 62
758 58
830 51
860 50
862 50
859 50
845 50
821 54
771 66
724 79
664 85
580 85
456 92
321 95
181 95
62 95
-38 95
-100 95
-116 95
-101 93
-44 89
48 87
167 80
311 68
473 63
646 56
805 51
937 47
1032 44
1083 44
1091 44
1092 44
1087 46
1074 50
1012 67
921 85
839 91
720 93
588 98
442 98
308 98
186 98
95 98
40 98
31 98
30 98
38 98
52 97
87 89
154 77
245 59
346 41
464 22
578 6
687 -3
761 -11
813 -15
838 -15
844 -15
847 -15
842 -11
831 -7
800 0
744 6
651 19
527 26
376 31
230 33
92 38
-21 43
-111 47
-116 53
-116 55
-116 56
-115 59
-98 63
-29 58
85 39
226 30
370 16
509 -3
634 -19
740 -30
811 -37
850 -38
869 -38
873 -38
876 -38
877 -38
878 -37
879 -37
879 -35
883 -32
883 -31
883 -27
872 -20
861 -17
824 -12
733 3
598 10
455 10
302 10
159 10
43 10
-30 10
-43 11
-43 14
-32 14
20 15
138 15
308 15
510 15
736 15
935 15
1102 15
1194 15
1195 15
1193 15
1182 15
1135 18
1035 21
911 25
770 30
625 32
471 32
323 39
193 46
98 51
35 57
7 65
8 65
15 65
48 63
116 59
219 54
335 45
465 38
600 33
732 33
835 33
913 33
954 34
964 37
964 38
964 40
959 48
948 52
916 61
849 78
764 93
655 105
535 111
409 111
311 114
249 118
236 121
236 122
245 122
292 125
373 130
484 132
625 141
760 141
881 135
987 131
1046 117
1079 106
1080 106
1079 106
1068 106
1034 108
962 120
868 138
756 154
636 173
533 182
451 190
397 200
369 205
364 207
372 207
416 207
495 209
597 209
719 209
838 214
965 221
1084 223
1184 232
1237 242
1247 245
1247 247
1240 253
1223 258
1148 271
1036 287
903 299
762 310
616 320
457 327
303 327
161 326
47 321
-38 312
-82 311
-92 308
-89 308
-55 308
28 308
155 308
311 310
479 315
643 315
796 315
920 315
993 315
995 315
981 315
922 315
805 319
657 322
485 322
302 322
121 322
-32 322
-116 322
-116 325
-111 325
-69 325
42 325
225 325
454 324
717 324
968 324
1199 324
1249 324
1237 323
1158 319
1018 319
821 316
598 316
353 314
122 314
-80 314
-116 314
-116 315
-105 317
-53 317
74 317
249 319
473 332
693 330
904 325
1060 320
1153 305
1163 303
1159 303
1132 298
1045 294
912 287
737 280
553 275
356 265
171 263
-2 261
-116 261
-115 261
-105 261
-54 261
61 261
231 261
419 261
632 261
837 261
1012 256
1128 249
1152 244
1136 244
1055 242
920 242
755 235
556 228
354 225
197 227
73 238
3 253
-8 259
-8 264
2 272
31 275
118 281
242 284
390 288
539 298
664 309
721 313
729 313
722 313
683 314
592 314
475 328
339 340
196 344
64 349
-55 349
-116 349
-115 350
-105 350
-59 349
46 349
190 344
362 344
550 344
734 342
893 337
1025 337
1098 340
1108 341
1107 343
1096 345
1041 355
934 368
791 380
620 390
458 397
313 397
202 397
134 401
122 402
132 402
166 402
240 395
332 389
443 386
556 386
670 384
765 380
838 373
882 372
884 371
876 371
840 371
764 378
658 387
528 397
360 404
177 406
-17 406
-116 406
-116 401
-116 400
-107 400
-44 401
85 405
258 410
468 425
709 437
946 450
1151 467
1249 483
1249 490
1249 491
1238 491
1180 491
1067 491
924 491
751 484
557 482
363 475
171 463
23 453
-78 442
-98 441
-97 441
-80 441
-12 441
91 441
207 449
345 460
481 465
624 470
745 470
848 469
910 466
943 465
944 464
936 464
912 464
835 472
729 483
591 492
437 495
273 495
109 493
-40 489
-116 484
-107 484
-55 484
47 484
190 484
354 484
535 484
715 488
872 488
982 488
1036 488
1037 488
1036 488
1016 489
948 495
829 502
667 509
486 514
289 514
93 513
-80 508
-116 506
-116 505
-111 505
-91 505
-2 505
128 500
303 500
486 500
653 500
755 500
769 500
770 500
744 503
644 506
495 504
325 497
153 490
1 476
-116 469
Color -1 Stroke 10
394 106
393 106
392 106
391 106
390 106
389 106
388 106
386 106
384 107
383 107
382 109
381 109
379 110
378 111
376 111
375 112
374 113
373 115
371 116
371 117
370 118
368 121
366 121
364 123
364 124
363 125
362 126
362 129
361 129
360 131
360 132
360 133
360 134
360 136
359 137
359 138
359 139
359 140
359 141
358 142
358 144
358 146
358 148
358 150
358 152
359 154
360 158
360 159
360 161
360 162
361 163
361 164
361 166
364 169
365 171
367 173
367 175
368 177
369 179
370 181
373 184
374 186
377 188
380 191
383 194
385 196
386 198
389 200
390 201
393 204
395 205
397 208
400 210
401 211
404 213
406 214
408 216
409 217
410 218
411 219
412 219
412 220
413 220
415 221
417 221
418 221
419 221
420 221
422 221
423 221
426 221
428 221
429 220
431 219
432 219
433 219
434 219
437 218
439 217
441 215
442 214
445 213
448 212
451 211
452 209
455 208
456 208
458 207
459 207
460 206
462 206
462 205
463 205
465 204
466 202
467 202
469 202
470 200
471 200
473 198
477 194
478 193
479 191
480 191
481 189
482 188
485 187
485 185
487 184
488 182
490 181
491 179
493 177
494 175
495 172
498 171
499 170
500 168
500 167
500 165
501 163
502 161
502 159
503 157
504 156
504 153
504 151
504 150
505 148
505 145
505 144
506 141
506 139
506 136
506 134
506 133
506 130
504 127
504 126
503 126
502 125
500 124
498 123
497 122
495 120
494 120
493 119
493 118
492 118
490 117
490 116
487 115
486 115
485 115
484 115
481 114
480 113
478 113
475 113
473 112
471 111
470 111
469 111
468 111
466 110
465 110
464 109
463 109
462 109
461 109
460 109
459 109
458 109
457 109
455 109
454 109
453 109
451 109
449 109
448 109
446 109
444 109
443 109
442 109
441 109
439 109
438 109
437 109
436 109
435 109
434 109
433 109
432 109
431 109
430 109
429 109
428 109
427 109
426 109
425 109
423 108
422 108
421 108
420 108
419 108
418 108
417 108
416 108
415 108
414 108
413 108
412 108
411 108
410 108
408 107
407 107
406 107
405 107
403 106
403 105
402 104
401 104
400 103
399 102
Color -1 Stroke 10
408 144
408 156
408 157
409 157
409 158
409 159
410 160
411 160
411 161
411 162
412 162
412 163
412 164
412 165
413 165
413 166
414 166
415 166
415 165
416 164
416 162
417 162
Color -1 Stroke 10
476 133
469 146
468 148
467 149
466 149
466 150
465 150
465 151
464 152
463 153
462 153
462 154
461 154
461 155
Color -1 Stroke 10
419 188
429 191
431 191
433 190
435 190
437 189
438 189
439 188
440 188
441 187
443 187
444 187
446 186
447 185
448 185
449 185
450 185
451 185
452 185
452 184
453 184
454 184
455 184
Color -1 Stroke 10
419 221
419 233
419 236
420 240
420 245
420 250
420 255
420 261
421 267
420 272
420 279
421 287
420 293
420 301
419 308
418 315
417 322
416 330
415 339
415 346
415 349
415 351
415 355
415 358
415 361
415 362
415 364
415 365
414 365
413 365
412 366
411 367
408 369
406 372
404 373
402 375
399 380
393 387
387 395
382 403
375 412
368 422
363 429
359 435
355 441
352 447
350 451
348 454
347 455
347 456
347 457
346 458
346 459
345 459
344 459
343 459
Color -1 Stroke 10
421 360
423 370
423 373
424 377
425 383
426 387
427 392
428 397
429 402
430 406
431 413
433 419
436 425
437 431
439 437
441 441
443 443
444 446
446 448
447 449
448 451
448 452
448 453
449 453
449 454
449 453
Color -1 Stroke 10
415 235
404 235
403 236
401 237
399 238
394 240
388 242
385 243
379 245
372 248
366 251
359 256
351 260
346 262
341 266
335 269
329 271
325 274
321 276
316 278
311 280
307 283
304 284
299 285
295 287
291 289
289 290
287 291
286 292
285 293
284 293
283 294
282 294
281 295
281 296
281 295
281 294
Color -1 Stroke 10
424 239
434 240
436 241
437 243
439 246
441 249
443 251
445 252
449 255
452 256
454 258
456 260
459 262
462 264
465 267
468 268
471 269
474 272
477 274
479 276
481 278
484 279
487 281
490 282
492 283
494 285
496 287
498 289
500 291
501 293
502 294
503 294
505 295
505 296
507 297
508 299
509 299
510 300
511 301
512 301
512 300
513 299
Color -1 Stroke 22
645 408
Color -1 Stroke 22
645 408
Color -1 Stroke 47
649 414
Color -1 Stroke 47
649 414
Color -1 Stroke 58
644 421
Color -1 Stroke 58
644 421
Color -1 Stroke 58
654 409
Color -1 Stroke 58
654 409
Color -1 Stroke 58
643 426
Color -1 Stroke 58
643 426
Color -1 Stroke 58
650 413
Color -1 Stroke 58
650 413
Color -1 Stroke 75
646 417
Color -1 Stroke 75
646 417
Color -1 Stroke 78
648 417
Color -1 Stroke 78
648 417
Color -1 Stroke 78
649 417
Color -1 Stroke 78
649 417
Color -16777216 Stroke 8
627 398
626 398
626 399
625 400
624 401
623 402
623 403
622 404
622 405
622 406
622 408
622 409
622 410
621 411
621 412
621 413
623 413
624 413
625 413
626 413
627 413
628 412
629 412
629 411
630 411
631 411
632 411
633 411
633 410
632 408
631 407
631 406
630 405
630 404
630 403
629 402
629 401
Color -16777216 Stroke 8
629 401
628 401
628 402
628 403
Color -16777216 Stroke 8
652 408
652 409
653 409
654 409
656 409
657 409
658 409
659 409
660 409
661 409
662 409
663 409
665 408
665 407
664 407
663 406
662 406
661 405
660 404
658 403
658 402
657 401
656 400
655 399
655 398
654 397
654 395
654 394
654 393
654 392
654 390
654 389
654 390
654 391
654 392
654 393
655 395
655 396
655 397
655 398
655 399
655 400
655 401
655 402
Color -16777216 Stroke 8
639 426
640 426
641 427
641 428
642 429
643 430
644 431
645 431
646 432
647 432
647 433
648 433
648 435
648 434
648 433
648 432
648 430
648 429
648 428
649 426
649 425
649 424
649 423
650 422
650 421
651 420
651 419
650 419
649 420
648 421
647 421
646 422
645 422
644 422
Color -16777216 Stroke 8
669 432
669 433
669 434
669 435
669 436
669 437
669 438
669 439
668 440
668 442
668 443
668 444
669 444
670 443
670 441
671 441
671 440
672 440
672 439
673 438
673 437
674 436
674 435
675 434
675 433
677 433
677 432
677 431
678 430
677 430
675 430
674 430
673 430
672 430
671 430
670 430
669 430
667 430
666 430
667 430
667 431
667 432
667 433
667 434
667 436
667 437
667 438
667 439
667 441
667 442
667 443
Color -16777216 Stroke 8
624 425
624 426
623 426
622 426
621 426
620 428
619 428
618 428
617 428
616 429
615 429
Color -16777216 Stroke 8
625 427
625 428
625 429
625 430
625 431
625 432
625 433
625 434
625 435
625 436
625 438
623 438
622 438
622 437
621 437
621 436
620 435
619 435
619 434
618 433
618 432
617 432
616 432
616 433
616 434
616 436
617 436
618 437
Color -16777216 Stroke 8
683 405
683 407
683 408
683 409
683 410
683 411
683 412
683 413
683 414
683 415
683 416
683 417
683 418
682 418
681 418
681 419
680 419
679 419
679 420
678 420
677 420
675 420
675 419
675 418
675 417
675 415
675 414
676 413
676 412
677 411
678 411
678 410
679 410
680 410
681 410
682 410
Color -16777216 Stroke 8
639 445
638 446
638 449
637 450
Color -16777216 Stroke 8
638 446
639 446
640 446
641 446
641 447
641 448
642 449
643 450
643 451
643 452
642 452
641 452
640 452
639 452
638 452
638 451
637 450
636 449
Color -39424 Stroke 23
596 58
599 74
601 82
603 89
603 91
606 96
608 103
608 107
608 113
608 122
609 130
611 140
614 150
614 153
615 157
615 163
616 169
617 170
618 172
618 175
618 177
619 180
620 184
621 187
621 189
621 190
621 191
621 192
620 192
620 193
619 192
618 189
617 185
617 183
617 182
616 174
615 164
615 163
Color -39424 Stroke 23
596 131
596 113
596 107
596 103
596 98
596 92
596 86
596 81
596 75
596 70
596 66
598 59
600 52
601 48
603 46
606 43
610 40
611 38
614 33
618 29
621 27
625 26
630 24
634 23
637 23
641 23
646 24
648 25
650 27
652 30
654 33
655 39
656 46
657 54
656 60
656 66
657 71
656 75
655 82
655 87
655 92
655 96
653 99
650 106
648 110
646 112
645 113
644 114
643 115
642 115
641 115
640 115
639 115
640 116
642 116
645 116
648 116
650 116
655 117
662 117
667 118
669 119
670 121
673 126
676 131
678 132
680 137
682 144
683 151
683 161
684 169
683 172
683 178
682 184
681 189
679 193
677 197
676 201
675 204
672 208
668 210
665 212
663 214
661 214
660 214
659 214
657 214
655 212
654 211
652 209
651 208
Color -39424 Stroke 23
728 69
732 79
733 84
733 90
733 97
732 105
730 116
729 126
727 134
725 143
724 152
723 162
723 170
723 175
723 180
723 185
723 192
722 199
722 204
721 207
721 209
721 210
720 211
719 211
719 210
717 207
716 203
715 197
714 189
714 181
715 171
715 163
715 156
716 149
716 142
716 132
716 125
717 117
718 109
719 103
720 97
721 92
723 87
723 86
724 84
726 82
727 81
727 80
728 81
729 82
730 83
732 86
733 89
735 93
736 98
738 105
740 112
742 117
745 123
748 130
751 139
752 148
755 155
757 164
759 171
761 176
763 182
765 187
767 192
770 198
771 203
771 207
772 209
772 210
772 211
772 212
771 212
Color -39424 Stroke 23
731 171
745 167
747 166
748 166
Color -39424 Stroke 23
793 87
797 100
799 106
801 113
802 120
803 127
804 133
805 140
807 146
809 152
810 158
811 164
811 170
812 175
812 180
813 185
814 189
815 190
815 192
815 194
815 195
815 196
814 197
813 196
811 194
808 189
806 184
805 182
804 182
803 181
801 179
799 176
797 174
796 171
796 169
796 167
796 166
795 164
795 163
796 162
796 161
798 160
801 160
804 159
807 158
809 158
832 147
832 146
833 144
834 143
836 142
838 141
841 139
845 135
846 133
847 131
847 129
846 127
846 125
845 124
845 123
844 122
843 121
842 118
841 116
841 114
840 113
839 112
839 113
839 114
843 138
843 143
845 149
846 153
848 158
849 164
850 170
850 175
851 181
851 185
851 189
851 190
851 192
851 194
Color -39424 Stroke 23
886 211
892 201
895 199
897 198
901 194
904 191
906 187
907 183
909 179
910 174
911 168
913 164
914 161
916 157
917 151
918 146
918 144
919 140
919 132
919 127
919 125
918 123
916 120
915 116
913 112
912 108
911 105
911 102
910 100
910 99
907 97
902 94
898 92
896 91
895 91
894 91
893 92
890 93
887 95
884 96
882 96
880 98
877 100
876 102
876 104
876 107
876 109
878 112
879 113
880 114
882 115
884 116
885 116
886 117
889 118
891 118
895 119
898 120
901 121
903 121
904 122
905 121
906 121
907 121
Color -39424 Stroke 23
910 99
915 112
916 113
916 115
917 117
918 123
919 130
919 131
920 133
921 137
921 142
922 147
924 152
926 159
927 164
928 169
928 171
929 175
929 180
930 185
930 188
930 190
930 193
930 198
930 202
931 205
932 208
932 209
933 210
933 211
934 212
934 214
935 216
Color -39424 Stroke 23
756 268
745 270
741 272
738 273
735 275
729 276
724 277
720 278
715 280
708 281
701 282
692 284
683 287
677 288
670 289
664 291
657 293
652 294
647 295
643 296
639 296
636 296
632 296
628 296
625 296
622 296
620 296
618 296
616 296
614 297
613 297
612 297
613 298
Color -39424 Stroke 23
630 264
621 269
618 272
615 274
613 276
608 278
604 278
602 279
601 279
601 280
600 280
599 281
599 282
598 283
595 286
592 288
588 291
584 293
582 295
580 296
578 297
576 298
575 299
574 300
573 301
572 301
572 302
572 303
573 303
574 304
576 306
578 308
582 310
586 312
590 314
594 315
601 317
608 319
610 319
614 320
621 321
628 323
632 324
637 325
643 327
648 328
651 330
654 331
657 333
661 335
666 336
668 337
669 337
670 338
671 338
671 339
672 340
