Color -16777216 Stroke 2
253 180
250 180
248 180
248 182
249 183
252 184
259 185
268 186
280 186
289 186
305 186
327 186
349 186
371 186
396 187
420 192
440 194
455 195
473 200
490 207
501 212
507 214
513 220
514 221
515 222
515 223
515 224
515 227
511 230
502 237
494 240
481 244
469 249
461 252
446 254
426 260
405 264
387 268
369 270
357 272
353 275
351 276
351 277
353 281
364 286
376 287
384 290
397 292
411 293
428 294
445 296
460 296
472 297
481 298
487 299
491 301
493 301
494 302
493 304
487 307
478 309
468 316
458 318
447 320
440 324
429 327
418 330
413 332
410 333
410 334
410 335
413 338
425 339
435 339
457 339
484 339
517 339
544 339
575 338
603 335
632 330
653 324
675 320
689 314
Color -16777216 Stroke 2
753 254
753 252
752 251
750 248
744 242
741 239
735 235
728 230
723 227
712 220
701 217
689 211
678 208
664 205
644 198
615 190
585 183
556 177
524 170
495 165
463 158
437 154
413 148
399 144
387 141
377 138
375 137
373 136
372 135
370 134
370 133
369 131
368 131
367 129
366 128
365 126
365 125
365 124
365 123
365 122
365 120
357 120
349 120
337 120
317 120
287 120
246 121
199 125
152 129
107 134
68 141
35 150
10 161
-9 173
-18 179
-21 186
-23 193
-23 201
-23 211
-23 218
-20 230
-16 237
-11 247
-7 259
-2 269
0 276
4 283
9 294
16 307
25 320
36 339
49 356
64 376
81 394
98 410
115 423
133 431
150 437
166 441
183 442
200 442
214 442
231 442
244 442
256 442
269 440
283 435
298 429
314 424
329 418
342 412
353 407
365 401
375 396
385 391
393 387
403 383
409 381
416 377
420 376
423 375
425 374
426 374
427 374
427 375
425 378
423 381
419 385
412 388
403 394
391 397
380 399
364 401
341 402
305 404
273 404
240 404
216 404
201 404
196 404
199 404
209 400
216 395
225 393
233 389
244 384
252 382
266 378
286 376
312 373
342 373
375 373
410 373
445 373
473 373
501 376
528 383
555 387
579 393
601 401
623 406
637 411
652 413
667 416
688 419
700 422
715 424
727 426
739 429
749 431
757 433
764 435
766 436
Color -16777216 Stroke 2
542 78
532 79
521 81
512 83
502 87
493 90
483 93
473 96
465 99
457 100
451 102
445 104
441 106
438 107
436 107
432 109
428 109
423 113
419 115
410 118
403 123
392 129
381 135
369 142
356 153
346 156
332 164
316 171
298 180
283 187
270 196
258 205
248 214
237 226
224 239
213 251
204 263
195 276
186 288
178 299
171 309
166 317
162 324
160 331
160 334
160 339
160 344
160 349
160 352
161 353
163 355
164 358
167 359
169 359
171 359
174 359
179 359
185 359
193 359
205 359
213 359
230 359
252 359
280 357
311 354
340 349
372 342
401 336
436 329
463 319
497 307
527 295
556 282
584 268
608 256
634 243
658 230
679 216
695 207
709 198
722 191
734 187
744 182
751 180
756 179
765 179
773 179
778 179
785 179
789 179
795 182
803 187
808 190
812 194
813 197
818 203
818 208
821 216
821 224
821 231
821 243
821 253
817 265
809 277
801 288
792 298
782 310
769 321
758 329
750 335
739 340
730 342
718 344
707 345
697 345
685 345
673 345
665 344
649 339
631 331
610 319
583 304
556 287
532 273
508 254
481 238
456 219
438 205
423 191
409 179
397 168
388 159
384 153
378 142
373 131
372 123
370 115
369 105
368 100
368 93
368 89
367 84
367 80
366 79
365 77
365 75
364 75
361 76
358 78
353 83
347 87
336 94
326 100
316 104
301 113
283 121
266 129
250 138
234 146
225 151
215 157
208 161
199 167
193 174
188 179
184 185
181 193
181 196
180 202
180 208
180 213
180 217
180 219
180 221
182 223
186 226
189 227
193 230
198 232
204 235
211 237
218 239
227 241
237 243
245 243
256 243
272 243
287 243
303 243
325 243
352 243
377 243
401 243
420 243
445 243
460 242
478 239
488 238
496 237
503 235
506 235
509 235
510 234
511 234
512 234
513 234
514 234
519 236
523 241
527 245
533 252
539 261
543 268
546 276
547 282
552 290
555 298
555 306
555 312
555 319
555 324
550 333
545 340
537 349
529 356
515 365
504 372
493 378
478 386
466 392
450 398
439 401
428 403
420 404
412 404
410 404
408 404
405 404
403 404
402 403
400 402
399 399
398 395
393 390
389 383
383 376
377 367
370 357
362 344
354 334
351 326
345 316
336 303
331 292
325 277
321 266
317 253
315 242
312 228
310 218
308 205
307 192
305 180
304 169
303 160
303 152
303 144
303 140
303 135
303 133
303 130
303 129
303 128
303 127
302 127
301 127
299 127
297 127
295 127
293 127
288 127
285 127
279 127
271 127
259 127
248 127
236 127
225 127
216 127
205 127
190 128
177 131
162 132
150 134
135 136
123 137
110 141
102 143
93 147
86 151
80 156
76 160
72 166
70 174
68 179
66 185
65 187
65 192
65 195
65 202
65 204
65 211
65 218
69 225
76 234
84 243
90 249
99 258
108 263
118 267
124 271
132 275
139 278
149 282
157 286
164 287
172 289
186 293
199 295
217 299
230 302
245 303
257 304
269 304
279 304
289 304
297 304
303 304
313 304
321 304
331 304
341 304
353 304
364 303
376 301
386 300
400 297
411 296
424 294
435 292
447 290
458 290
470 289
480 288
492 285
503 283
515 282
526 281
539 281
551 281
564 281
575 281
586 280
594 279
605 279
612 277
620 273
627 270
632 268
638 263
643 257
648 253
655 245
662 238
668 233
675 225
681 218
686 209
690 203
695 195
698 188
699 178
701 171
702 163
702 157
702 148
702 141
699 133
696 126
691 120
688 115
683 109
681 107
675 105
674 104
672 102
667 101
664 100
657 98
651 95
642 92
631 90
623 89
612 88
600 85
588 83
577 82
568 82
561 82
556 82
553 82
554 82
555 82
561 82
565 82
569 82
576 82
589 82
601 82
611 82
629 82
651 82
675 82
697 82
716 82
735 82
750 82
761 84
767 86
767 87
767 88
767 90
767 94
764 99
757 106
750 113
738 125
729 130
708 146
679 163
633 191
589 208
555 224
537 234
529 238
529 240
529 243
529 244
530 246
534 249
544 251
554 252
567 255
576 255
591 255
607 255
626 255
648 257
671 258
691 261
713 265
734 269
756 277
771 283
783 288
793 293
796 294
798 298
798 300
798 304
798 306
798 311
794 315
788 319
780 322
769 326
756 331
744 334
732 338
725 340
720 341
720 342
722 342
726 339
731 331
740 323
750 312
759 305
771 293
783 280
793 268
803 254
812 238
816 230
820 217
825 204
827 193
828 182
828 174
828 166
828 161
828 158
828 156
828 155
826 154
819 154
811 152
800 152
788 152
780 152
762 152
740 152
719 154
694 155
669 156
649 158
633 158
622 158
617 158
615 158
617 158
622 158
629 156
639 153
651 149
663 146
670 145
682 143
694 141
706 138
716 136
720 136
721 136
718 137
715 141
710 145
706 148
699 154
691 160
684 166
678 171
673 175
667 180
665 182
662 183
661 186
659 187
659 188
658 189
658 190
Color -13369447 Stroke 22
531 141
535 135
538 130
540 127
543 122
546 120
547 118
548 116
549 112
549 111
549 108
549 106
549 104
549 101
549 100
549 98
548 95
546 93
541 91
536 88
533 86
523 82
516 80
507 77
496 73
484 72
474 69
465 69
451 67
438 65
424 62
412 59
401 58
391 56
380 56
370 54
361 53
353 52
345 52
338 52
329 52
323 52
314 52
306 52
295 53
287 54
276 56
265 58
253 61
242 64
233 67
222 68
212 72
201 76
194 78
186 82
179 82
172 83
169 84
167 85
164 85
160 85
157 86
155 86
150 86
141 86
134 86
123 86
113 86
102 88
93 89
84 91
80 92
74 95
70 100
67 103
64 108
61 114
58 119
56 126
55 133
54 138
53 145
53 153
53 160
53 164
53 171
53 178
54 186
57 190
59 197
60 203
63 210
67 220
73 230
77 236
80 244
84 253
88 260
90 264
94 270
97 278
100 286
105 295
107 300
114 310
121 320
130 332
137 342
145 352
154 361
161 368
167 373
170 377
175 383
178 385
183 393
184 394
186 396
189 401
189 404
191 407
192 408
193 413
196 415
196 416
196 417
199 421
199 423
200 426
200 428
201 431
201 434
203 437
204 438
206 441
206 443
209 445
210 449
211 450
212 450
212 451
