Color -16777216 Stroke 9
74 110
73 110
73 111
73 113
73 117
73 120
74 124
75 128
77 133
80 137
83 144
85 150
86 154
87 160
89 164
89 167
91 172
91 177
92 182
94 189
96 192
97 199
97 202
98 206
99 209
99 211
99 214
99 220
99 222
99 227
99 229
100 234
100 237
100 241
100 244
100 249
100 253
100 257
100 263
100 265
100 268
100 271
100 274
100 278
100 280
100 283
100 284
100 288
100 291
100 293
100 296
100 300
100 304
100 307
100 311
100 314
100 318
100 321
100 325
100 328
100 330
100 333
100 335
100 339
101 342
102 346
102 347
102 350
102 353
102 355
102 358
103 360
104 362
105 367
106 368
106 369
107 370
107 372
107 373
109 374
109 375
Color -16777216 Stroke 3
217 120
217 121
214 122
214 123
214 125
214 127
214 129
214 130
213 134
213 137
213 140
213 143
213 147
213 150
213 152
213 155
214 161
214 164
214 167
214 172
215 174
215 178
215 181
216 185
217 188
217 192
218 195
218 199
218 202
218 206
218 209
218 211
218 214
218 215
218 217
218 220
218 221
218 224
218 226
218 228
219 231
219 233
219 237
220 239
220 242
220 245
221 249
221 252
222 254
222 258
222 261
223 263
223 266
223 269
224 272
224 274
224 278
224 280
224 283
227 288
227 290
228 294
228 295
229 298
229 301
229 303
230 306
230 308
230 310
231 313
231 315
232 319
233 322
235 325
236 329
237 332
237 334
239 335
239 336
240 341
242 343
242 344
243 347
243 348
243 351
244 352
245 354
245 355
245 357
246 358
246 359
247 360
247 361
Color -16776961 Stroke 43
877 189
877 191
877 193
876 195
876 196
874 199
874 201
873 203
872 206
871 208
870 211
869 213
868 215
865 220
863 222
861 227
858 231
857 237
855 240
852 246
848 253
846 257
843 261
842 266
840 269
838 271
837 275
833 279
832 281
830 284
829 285
827 288
825 291
822 294
818 300
816 304
813 309
812 311
808 315
808 316
804 319
802 324
800 325
799 328
797 329
796 330
795 331
794 332
791 333
789 335
787 337
786 338
783 341
780 344
777 345
774 349
772 351
770 352
768 353
765 354
764 356
762 356
761 357
759 358
757 359
756 359
753 361
751 362
750 363
747 364
745 365
741 367
737 368
734 370
731 371
729 372
728 373
726 374
725 374
724 374
723 376
721 376
721 377
720 377
719 377
718 377
716 378
715 378
714 378
714 379
713 379
712 379
Color -10027162 Stroke 11
318 239
317 241
317 242
317 243
317 244
317 245
317 247
317 248
317 249
317 252
317 255
319 261
319 263
320 266
321 269
322 271
322 275
325 279
327 283
328 286
328 290
330 292
331 296
331 297
333 298
334 302
335 304
335 305
336 306
336 307
336 309
337 311
339 313
339 317
341 320
343 324
344 327
348 331
349 333
352 335
353 338
355 339
356 340
357 342
361 346
361 347
363 348
365 350
366 351
370 354
373 356
375 358
377 359
380 362
382 362
386 365
387 365
390 366
393 369
396 370
399 370
401 370
405 373
408 375
413 376
416 377
418 378
421 380
424 380
427 381
430 383
433 383
436 384
439 385
442 386
445 386
447 388
449 388
450 388
452 388
454 389
455 389
457 389
458 389
459 389
460 389
461 389
463 389
Color -3407668 Stroke 71
574 119
Color -3407668 Stroke 71
574 119
Color -52429 Stroke 11
416 188
Color -52429 Stroke 11
416 188
