Color -16763956 Stroke 62
224 193
Color -16763956 Stroke 62
224 193
Color -16763956 Stroke 62
763 200
Color -16763956 Stroke 62
763 200
Color -16777216 Stroke 2
413 269
407 269
401 269
394 268
387 266
379 260
372 258
367 257
356 253
348 249
339 246
330 239
322 235
314 231
307 226
301 220
299 216
295 210
294 205
291 201
291 197
290 192
289 188
289 185
289 181
289 178
291 173
297 167
299 165
301 162
306 157
308 156
312 153
318 149
331 141
342 139
354 135
361 133
373 128
387 126
398 121
409 119
419 117
429 117
437 117
449 117
459 117
471 117
481 119
492 125
503 132
513 141
522 148
530 157
537 164
537 166
537 172
538 179
541 186
541 194
542 200
542 203
542 209
542 218
539 226
534 237
529 247
521 259
513 272
503 282
492 294
480 303
470 313
459 322
449 331
437 340
421 351
411 360
401 366
388 373
372 382
353 394
340 401
329 410
320 415
313 422
310 424
309 427
309 430
309 434
309 439
309 444
309 448
309 454
312 460
314 462
316 466
321 468
325 468
327 468
335 468
339 468
344 468
352 468
360 468
367 468
377 466
390 464
398 462
412 459
426 454
440 449
452 444
468 436
483 430
499 422
508 417
521 410
531 402
542 394
552 385
562 379
572 370
582 362
591 353
599 346
606 338
613 331
618 325
620 321
623 313
626 308
629 303
630 298
632 293
633 291
633 288
634 284
634 283
634 277
634 275
634 272
634 269
633 268
630 263
627 262
622 258
619 257
613 253
609 253
604 252
596 248
591 248
586 246
580 246
577 246
575 246
573 246
571 246
570 246
570 249
572 251
575 255
577 257
582 263
588 267
594 270
600 273
606 277
612 281
617 285
625 292
628 294
628 295
630 298
633 303
633 305
635 310
636 313
637 318
638 321
640 327
640 330
641 334
641 339
642 341
643 345
643 348
643 352
643 354
643 357
643 359
643 362
643 366
642 368
642 371
641 372
Color -16777216 Stroke 2
426 254
428 254
431 253
433 252
437 252
444 249
449 249
455 248
462 246
469 246
479 245
489 243
501 243
513 241
523 239
535 238
544 237
554 236
559 234
565 232
567 232
571 232
573 230
575 230
577 229
580 228
581 228
583 227
584 227
586 226
587 226
588 225
589 225
589 226
586 228
582 232
579 234
572 237
565 241
555 243
545 245
535 247
524 248
516 249
504 252
489 252
474 252
461 252
448 252
437 252
425 252
419 252
412 252
410 252
408 252
406 252
405 252
403 252
401 252
398 252
395 252
389 252
382 252
374 252
363 252
357 252
345 252
337 252
330 252
324 252
320 252
317 250
315 250
314 250
314 249
312 249
310 249
307 248
304 248
300 248
295 248
289 248
284 247
277 247
271 246
267 245
261 243
259 243
254 242
251 242
248 242
246 242
244 242
241 242
240 242
234 242
231 242
229 242
226 243
223 244
219 245
215 248
214 249
209 252
207 254
205 255
202 258
200 261
199 264
195 268
194 272
192 274
191 279
189 284
189 289
189 292
189 299
189 303
189 304
189 306
189 310
189 311
189 313
189 317
192 320
194 322
196 323
199 324
203 326
205 327
209 327
213 330
216 333
222 335
226 335
232 335
237 337
242 338
246 338
254 339
261 339
265 339
274 339
281 339
291 339
302 339
311 339
323 339
331 339
339 339
348 338
353 336
362 334
368 331
374 331
378 328
382 327
385 325
389 324
391 322
393 321
395 320
399 318
402 317
405 315
407 314
410 313
412 312
416 311
419 310
423 309
429 308
432 307
436 307
439 307
444 307
447 307
452 307
458 307
464 309
466 310
469 310
475 311
480 313
486 317
493 320
500 324
505 327
512 329
518 333
524 336
531 339
533 341
538 344
540 345
544 349
547 351
548 353
552 356
553 359
555 360
556 363
556 364
557 367
557 370
557 372
557 374
557 376
557 378
557 380
557 382
557 385
557 387
556 388
553 391
550 393
548 393
545 397
543 397
537 399
533 401
527 402
519 404
513 405
505 405
500 405
494 405
488 405
482 405
478 403
472 401
469 400
465 397
459 395
455 392
449 388
440 385
434 382
427 378
417 373
410 369
402 364
397 360
387 357
381 354
374 350
367 348
359 346
349 344
338 341
327 339
318 337
310 336
297 334
289 332
277 332
268 331
262 331
253 331
242 331
233 331
225 331
216 331
208 331
201 331
194 331
189 331
182 331
177 331
171 331
164 334
161 335
155 338
150 340
146 342
142 345
139 347
135 349
132 351
128 355
126 357
121 360
119 362
116 368
113 372
110 375
106 380
103 384
101 386
99 389
97 394
97 396
96 398
96 401
96 403
96 405
96 407
96 408
96 410
96 411
97 414
97 415
98 416
99 417
100 421
102 422
104 424
108 427
109 428
111 429
114 429
118 430
120 430
124 430
127 430
132 430
137 430
143 430
151 428
159 425
168 423
178 418
188 415
198 412
210 408
223 404
232 398
242 393
251 386
261 381
271 376
279 370
288 363
298 356
307 347
313 342
322 333
327 327
337 320
343 314
350 307
360 301
366 296
372 292
377 287
383 283
387 280
390 277
394 273
400 268
405 264
410 262
413 258
419 252
423 250
429 246
437 243
440 241
449 236
451 234
457 230
466 228
470 225
477 221
488 220
499 219
512 219
519 219
530 219
542 219
556 221
569 225
580 228
593 233
604 238
613 242
622 248
631 253
637 258
642 262
652 274
659 282
664 291
668 298
669 306
672 316
676 324
679 333
681 339
681 345
683 354
683 359
683 365
684 370
684 372
684 377
684 380
684 383
684 385
684 388
682 391
681 393
678 396
677 398
676 398
673 399
669 401
667 402
664 402
660 403
654 403
649 403
645 403
638 403
631 403
626 403
616 400
608 397
599 393
591 389
580 386
569 378
557 370
546 360
534 350
517 339
501 327
484 314
472 305
458 296
445 287
431 279
420 272
414 267
405 259
398 252
394 246
384 240
378 234
374 231
369 228
364 223
361 220
357 217
350 212
347 211
342 208
339 206
333 205
331 205
327 204
324 204
320 203
317 203
314 203
312 203
308 203
305 203
302 203
297 203
293 204
288 206
282 210
275 213
266 220
257 228
251 233
245 239
235 244
230 250
223 257
217 263
213 268
207 275
203 280
200 285
196 290
191 295
188 298
186 301
183 305
181 308
178 311
176 313
173 317
173 318
170 320
169 322
168 325
167 327
166 329
165 331
164 333
163 336
163 337
162 339
162 340
162 342
162 344
162 346
162 348
162 349
162 351
162 354
163 356
163 357
164 358
164 359
165 360
166 360
166 361
167 361
168 362
169 363
171 364
172 366
174 367
176 368
177 369
180 370
182 372
185 373
189 374
192 374
196 375
202 375
206 376
212 376
216 376
220 376
224 376
233 376
239 376
244 376
249 376
255 376
263 376
269 375
276 371
284 370
291 365
298 365
306 358
313 355
323 351
329 347
339 340
347 334
356 328
367 322
374 317
385 312
394 308
404 302
412 300
419 297
426 295
433 292
439 291
447 289
453 288
461 285
468 284
475 282
484 282
494 282
502 282
510 282
519 282
528 282
538 282
546 282
555 282
564 282
575 283
585 285
595 291
609 297
620 301
629 309
640 316
650 325
661 332
670 341
677 348
685 357
688 364
691 371
695 379
698 387
704 397
706 404
711 413
714 418
715 427
717 431
718 434
719 436
719 437
719 438
718 438
713 438
707 438
701 438
695 438
684 435
670 432
658 427
644 423
633 418
619 413
606 407
592 401
577 395
565 390
553 385
540 380
528 377
517 371
506 366
496 363
484 357
473 351
463 346
454 340
444 333
437 328
428 321
421 316
414 311
406 303
401 298
394 293
388 289
379 284
373 278
366 274
359 269
351 263
345 261
340 258
335 254
328 253
321 249
315 247
308 245
302 243
294 240
287 240
278 240
269 239
257 238
251 238
241 238
233 238
224 238
218 240
209 242
201 247
195 250
187 257
181 261
172 267
167 273
161 277
155 283
151 287
148 292
145 295
143 298
140 300
137 302
137 305
134 309
132 312
130 316
130 317
126 320
126 322
125 324
125 327
125 328
125 331
125 334
126 336
127 340
128 340
129 342
131 344
135 347
136 348
140 349
145 350
148 352
154 354
156 354
162 355
167 356
173 356
179 356
187 356
193 356
203 356
212 355
223 352
233 350
244 345
254 341
262 338
272 334
280 330
289 325
296 323
304 320
312 319
321 315
330 313
336 311
346 309
353 306
361 305
369 303
379 302
388 300
402 297
410 295
422 293
432 291
437 289
446 287
458 286
470 286
480 286
493 286
505 286
517 286
529 286
543 287
554 289
567 293
575 296
586 298
596 300
604 303
611 307
620 312
624 315
625 317
627 319
628 321
630 323
632 329
633 332
635 338
636 342
638 349
639 356
641 362
641 366
642 371
642 374
642 377
643 380
643 381
643 383
643 385
643 386
642 387
640 389
637 389
633 390
630 391
624 391
618 392
611 394
605 394
597 394
590 394
580 394
574 394
566 394
561 394
552 391
545 388
538 385
530 377
525 374
519 370
511 367
507 365
502 360
493 356
489 356
482 349
478 348
475 344
472 342
470 340
467 338
463 335
462 334
460 333
Color -16724788 Stroke 2
241 48
240 48
Color -16724788 Stroke 2
670 85
Color -16724788 Stroke 2
670 85
Color -16724788 Stroke 72
518 60
517 60
