Color -16763956 Stroke 62
224 193
Color -16763956 Stroke 62
224 193
Color -16763956 Stroke 62
763 200
Color -16763956 Stroke 62
763 200
Color -16777216 Stroke 2
413 269
407 269
401 269
394 268
387 266
379 260
372 258
367 257
356 253
348 249
339 246
330 239
322 235
314 231
307 226
301 220
299 216
295 210
294 205
291 201
291 197
290 192
289 188
289 185
289 181
289 178
291 173
297 167
299 165
301 162
306 157
308 156
312 153
318 149
331 141
342 139
354 135
361 133
373 128
387 126
398 121
409 119
419 117
429 117
437 117
449 117
459 117
471 117
481 119
492 125
503 132
513 141
522 148
530 157
537 164
537 166
537 172
538 179
541 186
541 194
542 200
542 203
542 209
542 218
539 226
534 237
529 247
521 259
513 272
503 282
492 294
480 303
470 313
459 322
449 331
437 340
421 351
411 360
401 366
388 373
372 382
353 394
340 401
329 410
320 415
313 422
310 424
309 427
309 430
309 434
309 439
309 444
309 448
309 454
312 460
314 462
316 466
321 468
325 468
327 468
335 468
339 468
344 468
352 468
360 468
367 468
377 466
390 464
398 462
412 459
426 454
440 449
452 444
468 436
483 430
499 422
508 417
521 410
531 402
542 394
552 385
562 379
572 370
582 362
591 353
599 346
606 338
613 331
618 325
620 321
623 313
626 308
629 303
630 298
632 293
633 291
633 288
634 284
634 283
634 277
634 275
634 272
634 269
633 268
630 263
627 262
622 258
619 257
613 253
609 253
604 252
596 248
591 248
586 246
580 246
577 246
575 246
573 246
571 246
570 246
570 249
572 251
575 255
577 257
582 263
588 267
594 270
600 273
606 277
612 281
617 285
625 292
628 294
628 295
630 298
633 303
633 305
635 310
636 313
637 318
638 321
640 327
640 330
641 334
641 339
642 341
643 345
643 348
643 352
643 354
643 357
643 359
643 362
643 366
642 368
642 371
641 372
